#{"t_start": 1545883371.7130785, "gym_version": "0.10.8", "env_id": "Acrobot-v1"}
r,l,t
-500.0,500,2.807785
-340.0,341,4.24502
-412.0,413,5.785909
-434.0,435,7.389053
-292.0,293,8.377681
-219.0,220,9.263134
-173.0,174,9.83452
-229.0,230,10.767891
-170.0,171,11.365018
-117.0,118,11.758334
-117.0,118,12.147677
-148.0,149,12.872794
-153.0,154,13.411317
-114.0,115,13.790595
-153.0,154,14.460764
-154.0,155,14.975986
-136.0,137,15.427459
-139.0,140,15.884857
-110.0,111,16.408148
-126.0,127,16.827518
-126.0,127,17.23817
-118.0,119,17.629686
-92.0,93,17.935089
-90.0,91,18.415065
-103.0,104,18.761705
-91.0,92,19.062139
-96.0,97,19.385624
-147.0,148,20.058511
-99.0,100,20.395516
-179.0,180,21.053686
-99.0,100,21.390968
-93.0,94,21.726839
-111.0,112,22.38803
-81.0,82,22.730688
-85.0,86,23.114296
-128.0,129,23.970503
-99.0,100,24.433056
-104.0,105,25.183694
-92.0,93,25.737507
-100.0,101,26.076302
-80.0,81,26.355074
-107.0,108,26.721619
-84.0,85,27.183507
-92.0,93,27.506796
-109.0,110,27.907964
-86.0,87,28.19805
-115.0,116,28.59757
-88.0,89,29.082419
-85.0,86,29.372378
-105.0,106,29.724102
-105.0,106,30.080334
-98.0,99,30.419089
-101.0,102,30.774229
-73.0,74,31.206928
-82.0,83,31.489073
-171.0,172,32.077033
-92.0,93,32.393972
-107.0,108,32.933712
-78.0,79,33.191517
-87.0,88,33.484914
-80.0,81,33.779096
-100.0,101,34.131883
-81.0,82,34.428323
-87.0,88,34.894211
-96.0,97,35.21132
-83.0,84,35.488884
-86.0,87,35.778507
-79.0,80,36.038865
-76.0,77,36.294929
-103.0,104,36.804173
-84.0,85,37.090885
-76.0,77,37.352683
-72.0,73,37.600374
-87.0,88,37.895199
-78.0,79,38.155402
-82.0,83,38.59831
-103.0,104,38.951525
-108.0,109,39.314296
-122.0,123,39.727923
-90.0,91,40.03066
-91.0,92,40.495057
-94.0,95,40.810371
-74.0,75,41.057555
-73.0,74,41.306677
-93.0,94,41.619435
-74.0,75,41.863648
-76.0,77,42.117736
-70.0,71,42.519217
-100.0,101,42.85713
-81.0,82,43.125113
-92.0,93,43.430587
-81.0,82,43.72812
-178.0,179,44.563565
-80.0,81,44.840303
-78.0,79,45.102875
-84.0,85,45.388162
-81.0,82,45.667884
-70.0,71,45.909931
-77.0,78,46.344562
-73.0,74,46.591202
-62.0,63,46.794688
-61.0,62,46.995007
-89.0,90,47.296523
-97.0,98,47.624153
-71.0,72,48.026859
-143.0,144,48.499155
-81.0,82,48.771878
-72.0,73,49.016765
-77.0,78,49.269274
-75.0,76,49.512386
-90.0,91,49.990977
-86.0,87,50.286003
-82.0,83,50.56092
-88.0,89,50.857176
-74.0,75,51.103053
-77.0,78,51.360692
-62.0,63,51.564432
-81.0,82,52.007668
-71.0,72,52.241045
-71.0,72,52.475046
-62.0,63,52.682662
-86.0,87,52.975387
-70.0,71,53.206121
-70.0,71,53.612182
-71.0,72,53.85107
-104.0,105,54.200445
-81.0,82,54.474499
-73.0,74,54.744928
-70.0,71,55.023906
-70.0,71,55.269527
-124.0,125,55.853316
-62.0,63,56.060002
-72.0,73,56.296127
-70.0,71,56.529353
-70.0,71,56.765262
-89.0,90,57.063316
-95.0,96,57.548429
-89.0,90,57.84438
-64.0,65,58.057655
-60.0,61,58.255209
-86.0,87,58.536619
-75.0,76,58.78584
-81.0,82,59.050561
-78.0,79,59.479544
-99.0,100,59.816985
-79.0,80,60.080559
-72.0,73,60.317535
-62.0,63,60.52774
-70.0,71,60.7636
-69.0,70,61.160577
-93.0,94,61.465025
-69.0,70,61.68873
-82.0,83,61.962146
-86.0,87,62.259067
-63.0,64,62.476187
-62.0,63,62.686878
-70.0,71,63.093788
-73.0,74,63.343651
-64.0,65,63.554751
-64.0,65,63.781139
-62.0,63,63.990422
-70.0,71,64.229836
-73.0,74,64.470736
-83.0,84,64.929901
-73.0,74,65.171831
-71.0,72,65.412269
-70.0,71,65.6674
-86.0,87,66.033249
-71.0,72,66.299593
-80.0,81,66.563208
-72.0,73,66.97387
-70.0,71,67.204876
-71.0,72,67.449323
-70.0,71,67.681693
-64.0,65,67.896169
-62.0,63,68.113333
-70.0,71,68.360454
-71.0,72,68.776209
-104.0,105,69.12336
-63.0,64,69.336912
-70.0,71,69.564813
-74.0,75,69.815433
-61.0,62,70.019458
-114.0,115,70.392483
-63.0,64,70.772341
-107.0,108,71.123355
-62.0,63,71.330321
-68.0,69,71.558964
-61.0,62,71.761359
-69.0,70,71.992922
-80.0,81,72.266613
-69.0,70,72.686195
-72.0,73,72.945203
-61.0,62,73.150216
-69.0,70,73.399078
-92.0,93,73.724466
-61.0,62,73.947912
-63.0,64,74.158456
-63.0,64,74.558366
-76.0,77,74.82799
-62.0,63,75.049499
-69.0,70,75.286479
-62.0,63,75.502159
-72.0,73,75.759205
-61.0,62,75.978304
-63.0,64,76.369285
-63.0,64,76.5934
-70.0,71,76.878956
-71.0,72,77.132476
-86.0,87,77.485047
-76.0,77,77.758926
-63.0,64,77.981769
-86.0,87,78.46858
-63.0,64,78.686727
-62.0,63,78.893777
-107.0,108,79.267501
-62.0,63,79.490598
-62.0,63,79.7078
-122.0,123,80.140717
-75.0,76,80.569201
-63.0,64,80.789689
-86.0,87,81.08211
-84.0,85,81.362101
-76.0,77,81.612258
-62.0,63,81.82614
-98.0,99,82.319996
-74.0,75,82.569713
-70.0,71,82.808316
-63.0,64,83.02212
-71.0,72,83.256203
-117.0,118,83.640789
-71.0,72,83.879439
-63.0,64,84.258913
-71.0,72,84.495164
-63.0,64,84.705708
-70.0,71,84.939407
-61.0,62,85.145242
-71.0,72,85.383995
-63.0,64,85.599015
-70.0,71,86.011474
-62.0,63,86.217522
-76.0,77,86.47375
-62.0,63,86.692745
-71.0,72,86.994509
-62.0,63,87.207209
-62.0,63,87.414941
-62.0,63,87.620524
-62.0,63,87.999245
-61.0,62,88.208907
-92.0,93,88.515942
-77.0,78,88.774008
-63.0,64,88.987257
-72.0,73,89.225503
-92.0,93,89.528026
-63.0,64,89.905319
-62.0,63,90.106646
-62.0,63,90.310536
-70.0,71,90.541097
-85.0,86,90.822922
-98.0,99,91.153402
-64.0,65,91.370475
-87.0,88,91.836156
-89.0,90,92.133271
-62.0,63,92.349114
-62.0,63,92.555165
-76.0,77,92.811086
-62.0,63,93.020124
-70.0,71,93.263262
-72.0,73,93.676639
-61.0,62,93.88792
-62.0,63,94.094432
-62.0,63,94.308874
-79.0,80,94.572632
-72.0,73,94.813998
-93.0,94,95.128613
-87.0,88,95.586751
-61.0,62,95.788547
-62.0,63,95.997856
-61.0,62,96.201491
-87.0,88,96.492669
-84.0,85,96.776611
-61.0,62,96.981461
-61.0,62,97.355564
-62.0,63,97.565349
-61.0,62,97.801116
-87.0,88,98.142104
-63.0,64,98.352038
-62.0,63,98.55913
-62.0,63,98.769699
-62.0,63,98.97793
-62.0,63,99.355165
-70.0,71,99.594505
-62.0,63,99.816587
-63.0,64,100.031563
-62.0,63,100.243249
-62.0,63,100.450142
-103.0,104,100.797687
-62.0,63,101.174368
-62.0,63,101.381284
-61.0,62,101.582044
-63.0,64,101.796915
-61.0,62,102.00339
-61.0,62,102.206769
-102.0,103,102.547503
-86.0,87,103.005023
-62.0,63,103.212593
-71.0,72,103.451237
-63.0,64,103.656922
-71.0,72,103.891737
-62.0,63,104.096312
-86.0,87,104.382526
-62.0,63,104.590434
-62.0,63,104.972872
-62.0,63,105.17942
-63.0,64,105.389351
-72.0,73,105.635988
-71.0,72,105.877213
-62.0,63,106.085473
-113.0,114,106.457314
-62.0,63,106.839076
-63.0,64,107.056752
-62.0,63,107.265755
-63.0,64,107.47484
-62.0,63,107.6812
-62.0,63,107.887868
-62.0,63,108.090975
-62.0,63,108.295659
-63.0,64,108.687676
-87.0,88,108.995055
-61.0,62,109.206218
-63.0,64,109.448556
-65.0,66,109.671881
-62.0,63,109.882067
-86.0,87,110.165818
-62.0,63,110.545068
-70.0,71,110.78018
-62.0,63,110.98753
-71.0,72,111.226532
-63.0,64,111.437891
-62.0,63,111.653673
-63.0,64,111.861679
-62.0,63,112.067063
-62.0,63,112.445429
-62.0,63,112.649749
-94.0,95,112.960112
-62.0,63,113.163862
-63.0,64,113.374098
-71.0,72,113.607626
-61.0,62,113.810935
-62.0,63,114.185753
-63.0,64,114.398098
-62.0,63,114.617166
-62.0,63,114.821459
-63.0,64,115.028245
-61.0,62,115.2334
-79.0,80,115.494657
-102.0,103,116.002264
-60.0,61,116.204951
-62.0,63,116.412496
-61.0,62,116.623069
-62.0,63,116.830639
-62.0,63,117.034923
-61.0,62,117.234432
-62.0,63,117.442614
-95.0,96,117.936783
-62.0,63,118.145279
-102.0,103,118.489556
-62.0,63,118.721575
-63.0,64,118.967578
-62.0,63,119.200663
-63.0,64,119.409812
-62.0,63,119.618716
-61.0,62,120.003065
-62.0,63,120.210823
-61.0,62,120.420056
-61.0,62,120.626776
-62.0,63,120.833712
-62.0,63,121.040825
-61.0,62,121.245391
-62.0,63,121.451451
-63.0,64,121.832146
-61.0,62,122.035343
-61.0,62,122.241227
-64.0,65,122.454061
-61.0,62,122.663444
-62.0,63,122.870957
-61.0,62,123.082454
-62.0,63,123.290435
-62.0,63,123.668301
-63.0,64,123.881651
-62.0,63,124.089848
-106.0,107,124.433596
-62.0,63,124.640602
-62.0,63,124.848405
-62.0,63,125.056661
-62.0,63,125.434013
-60.0,61,125.63709
-61.0,62,125.843
-62.0,63,126.052098
-61.0,62,126.255434
-62.0,63,126.460547
-62.0,63,126.670032
-61.0,62,126.87876
-62.0,63,127.08391
-62.0,63,127.460442
-140.0,141,127.932371
-63.0,64,128.141416
-90.0,91,128.44685
-62.0,63,128.655289
-62.0,63,128.86211
-61.0,62,129.238719
-70.0,71,129.480474
-62.0,63,129.703054
-62.0,63,129.960832
-62.0,63,130.197597
-62.0,63,130.404953
-71.0,72,130.643942
-61.0,62,130.847598
-62.0,63,131.223661
-61.0,62,131.430008
-63.0,64,131.64271
-62.0,63,131.850042
-63.0,64,132.060506
-63.0,64,132.274068
-62.0,63,132.480563
-71.0,72,132.718909
-62.0,63,133.096023
-61.0,62,133.300508
-71.0,72,133.537406
-62.0,63,133.743485
-68.0,69,133.969959
-71.0,72,134.205315
-63.0,64,134.418994
-61.0,62,134.622341
-61.0,62,134.995544
-72.0,73,135.232953
-62.0,63,135.435861
-62.0,63,135.644756
-61.0,62,135.846052
-61.0,62,136.04575
-62.0,63,136.251262
-61.0,62,136.450137
-62.0,63,136.840105
-86.0,87,137.140414
-63.0,64,137.353853
-61.0,62,137.563829
-62.0,63,137.78333
-61.0,62,137.993235
-62.0,63,138.213311
-69.0,70,138.618567
-62.0,63,138.828506
-62.0,63,139.045577
-62.0,63,139.265481
-61.0,62,139.479591
-85.0,86,139.782275
-80.0,81,140.059706
-62.0,63,140.2785
-62.0,63,140.671191
-63.0,64,140.92298
-62.0,63,141.169411
-62.0,63,141.375802
-62.0,63,141.590618
-61.0,62,141.798276
-63.0,64,142.002966
-62.0,63,142.212429
-63.0,64,142.593125
-62.0,63,142.807719
-82.0,83,143.082546
-62.0,63,143.286243
-61.0,62,143.489507
-62.0,63,143.693983
-63.0,64,143.908755
-87.0,88,144.364147
-61.0,62,144.568064
-62.0,63,144.775526
-63.0,64,144.981103
-61.0,62,145.182549
-62.0,63,145.39009
-106.0,107,145.742071
-62.0,63,145.942971
-62.0,63,146.315431
-62.0,63,146.519277
-62.0,63,146.727821
-62.0,63,146.935416
-61.0,62,147.136269
-62.0,63,147.339061
-62.0,63,147.542215
-62.0,63,147.746732
-61.0,62,148.121651
-62.0,63,148.32704
-61.0,62,148.526042
-61.0,62,148.727768
-62.0,63,148.933911
-61.0,62,149.133503
-61.0,62,149.335989
-62.0,63,149.540092
-62.0,63,149.914057
-62.0,63,150.119698
-62.0,63,150.32348
-85.0,86,150.608789
-62.0,63,150.820805
-61.0,62,151.040596
-61.0,62,151.246377
-61.0,62,151.462234
-61.0,62,151.868785
-62.0,63,152.106565
-61.0,62,152.312014
-61.0,62,152.51572
-62.0,63,152.724113
-61.0,62,152.923682
-61.0,62,153.129475
-62.0,63,153.33804
-62.0,63,153.717328
-63.0,64,153.925948
-62.0,63,154.139055
-62.0,63,154.346255
-62.0,63,154.551446
-62.0,63,154.760424
-62.0,63,154.973736
-61.0,62,155.181376
-62.0,63,155.561037
-62.0,63,155.772389
-62.0,63,155.98217
-62.0,63,156.194021
-63.0,64,156.410458
-61.0,62,156.620258
-61.0,62,156.833287
-62.0,63,157.041612
-62.0,63,157.424337
-62.0,63,157.648798
-60.0,61,157.858766
-61.0,62,158.061156
-62.0,63,158.266528
-62.0,63,158.473074
-61.0,62,158.676321
-62.0,63,158.887962
-62.0,63,159.094767
-62.0,63,159.477109
-62.0,63,159.688749
-61.0,62,159.893238
-62.0,63,160.099427
-62.0,63,160.308217
-63.0,64,160.514973
-63.0,64,160.72632
-62.0,63,160.931359
-63.0,64,161.313846
-62.0,63,161.51834
-60.0,61,161.720702
-63.0,64,161.932606
-61.0,62,162.136188
-63.0,64,162.343814
-61.0,62,162.550407
-62.0,63,162.79711
-62.0,63,163.18372
-62.0,63,163.40638
-62.0,63,163.615119
-62.0,63,163.826595
-62.0,63,164.037476
-62.0,63,164.24531
-62.0,63,164.455698
-61.0,62,164.664035
-62.0,63,165.03581
-62.0,63,165.242449
-61.0,62,165.446786
-62.0,63,165.656875
-61.0,62,165.859005
-61.0,62,166.062111
-61.0,62,166.26823
-62.0,63,166.478755
-63.0,64,166.877485
-62.0,63,167.082997
-61.0,62,167.285978
-62.0,63,167.493133
-62.0,63,167.707279
-61.0,62,167.911956
-62.0,63,168.121864
-63.0,64,168.337309
-61.0,62,168.719891
-64.0,65,168.939246
-62.0,63,169.1468
-61.0,62,169.352226
-61.0,62,169.55645
-63.0,64,169.773969
-62.0,63,169.981632
-62.0,63,170.187042
-62.0,63,170.563012
-61.0,62,170.769818
-63.0,64,170.980355
-62.0,63,171.190305
-62.0,63,171.398697
-63.0,64,171.60931
-63.0,64,171.823028
-62.0,63,172.032541
-61.0,62,172.403868
-61.0,62,172.610855
-62.0,63,172.821278
-63.0,64,173.036704
-61.0,62,173.24567
-62.0,63,173.455107
-62.0,63,173.679157
-72.0,73,173.963007
-63.0,64,174.373393
-62.0,63,174.593018
-62.0,63,174.803241
-62.0,63,175.012222
-62.0,63,175.226152
-84.0,85,175.519422
-61.0,62,175.724525
-61.0,62,175.938619
-61.0,62,176.311152
-62.0,63,176.51743
-62.0,63,176.731488
-62.0,63,176.95359
-62.0,63,177.166118
-62.0,63,177.378083
-60.0,61,177.583537
-61.0,62,177.792439
-61.0,62,178.166039
-62.0,63,178.377686
-62.0,63,178.587384
-62.0,63,178.801237
-62.0,63,179.009906
-63.0,64,179.216507
-61.0,62,179.417501
-62.0,63,179.629055
-61.0,62,179.83517
-61.0,62,180.208045
-61.0,62,180.415233
-61.0,62,180.617658
-62.0,63,180.824635
-62.0,63,181.032639
-63.0,64,181.242402
-62.0,63,181.451648
-61.0,62,181.656802
-61.0,62,182.032484
-61.0,62,182.234071
-62.0,63,182.444703
-61.0,62,182.647836
-63.0,64,182.856988
-62.0,63,183.062462
-61.0,62,183.266746
-62.0,63,183.473637
-63.0,64,183.856054
-62.0,63,184.061943
-62.0,63,184.270846
-63.0,64,184.479315
-62.0,63,184.707163
-62.0,63,184.964726
-61.0,62,185.187284
-62.0,63,185.398808
-62.0,63,185.775655
-62.0,63,185.983231
-62.0,63,186.195606
-62.0,63,186.401918
-63.0,64,186.616701
-61.0,62,186.817941
-62.0,63,187.027902
-61.0,62,187.233557
-62.0,63,187.612309
-62.0,63,187.823936
-63.0,64,188.034561
-61.0,62,188.242721
-61.0,62,188.456363
-61.0,62,188.669436
-62.0,63,188.886298
-62.0,63,189.096659
-61.0,62,189.479985
-61.0,62,189.693103
-62.0,63,189.904216
-61.0,62,190.107661
-63.0,64,190.316371
-61.0,62,190.5226
-62.0,63,190.734724
-61.0,62,190.945623
-61.0,62,191.150917
-62.0,63,191.536306
-61.0,62,191.742077
-63.0,64,191.957178
-61.0,62,192.164257
-63.0,64,192.376741
-62.0,63,192.586862
-62.0,63,192.797084
-84.0,85,193.252368
-61.0,62,193.454963
-62.0,63,193.663556
-62.0,63,193.872028
-62.0,63,194.08601
-62.0,63,194.301146
-62.0,63,194.524321
-62.0,63,194.745575
-62.0,63,194.974828
-62.0,63,195.370106
-62.0,63,195.582869
-62.0,63,195.850031
-63.0,64,196.117061
-62.0,63,196.331781
-62.0,63,196.552186
-79.0,80,196.838934
-62.0,63,197.23575
-62.0,63,197.46572
-61.0,62,197.674721
-61.0,62,197.887734
-61.0,62,198.103858
-61.0,62,198.309845
-63.0,64,198.524984
-61.0,62,198.736383
-62.0,63,198.946919
-62.0,63,199.325308
-62.0,63,199.538695
-62.0,63,199.748248
-61.0,62,199.95074
-61.0,62,200.156282
-63.0,64,200.364298
-63.0,64,200.578772
-62.0,63,200.786966
-111.0,112,201.327616
-71.0,72,201.562713
-88.0,89,201.855882
-63.0,64,202.061168
-62.0,63,202.26875
-63.0,64,202.482003
-63.0,64,202.868373
-63.0,64,203.083546
-61.0,62,203.292008
-61.0,62,203.494784
-62.0,63,203.701278
-62.0,63,203.911801
-62.0,63,204.119977
-61.0,62,204.326836
-62.0,63,204.531803
-62.0,63,204.909357
-62.0,63,205.117217
-62.0,63,205.319347
-61.0,62,205.519193
-62.0,63,205.724939
-63.0,64,205.936599
-62.0,63,206.142013
-127.0,128,206.761756
-62.0,63,207.011161
-62.0,63,207.224699
-61.0,62,207.428211
-60.0,61,207.638116
-62.0,63,207.842844
-61.0,62,208.045676
-62.0,63,208.255594
-62.0,63,208.637927
-61.0,62,208.842073
-62.0,63,209.058403
-62.0,63,209.274192
-61.0,62,209.482499
-62.0,63,209.699862
-62.0,63,209.913724
-62.0,63,210.123928
-63.0,64,210.507422
-62.0,63,210.719695
-72.0,73,210.960412
-61.0,62,211.163265
-62.0,63,211.374213
-61.0,62,211.583001
-62.0,63,211.796784
-63.0,64,212.008273
-62.0,63,212.388717
-63.0,64,212.602672
-91.0,92,212.916086
-61.0,62,213.121973
-124.0,125,213.538615
-62.0,63,213.74492
-62.0,63,213.952595
-62.0,63,214.328443
-62.0,63,214.535698
-63.0,64,214.754173
-63.0,64,214.974574
-62.0,63,215.197897
-79.0,80,215.470067
-61.0,62,215.689404
-61.0,62,215.910964
-61.0,62,216.315774
-63.0,64,216.644927
-62.0,63,217.003641
-61.0,62,217.241851
-61.0,62,217.452914
-62.0,63,217.674445
-62.0,63,217.920167
-61.0,62,218.155808
-61.0,62,218.530967
-70.0,71,218.770087
-61.0,62,218.977545
-62.0,63,219.188847
-61.0,62,219.39344
-61.0,62,219.599837
-62.0,63,219.82217
-61.0,62,220.028627
-61.0,62,220.411862
-61.0,62,220.618742
-62.0,63,220.827477
-63.0,64,221.056355
-62.0,63,221.286146
-62.0,63,221.515056
-62.0,63,221.725978
-62.0,63,221.940243
-61.0,62,222.322793
-61.0,62,222.525097
-62.0,63,222.736417
-61.0,62,222.943964
-63.0,64,223.154952
-62.0,63,223.366548
-61.0,62,223.573568
-72.0,73,223.820537
-62.0,63,224.21629
-62.0,63,224.432192
-61.0,62,224.640647
-63.0,64,224.858099
-63.0,64,225.073435
-62.0,63,225.282923
-62.0,63,225.494059
-63.0,64,225.70554
-61.0,62,226.08347
-62.0,63,226.291466
-61.0,62,226.500606
-61.0,62,226.713039
-61.0,62,226.923617
-61.0,62,227.134693
-62.0,63,227.350485
-62.0,63,227.5659
-63.0,64,227.959027
-61.0,62,228.181686
-61.0,62,228.393967
-61.0,62,228.60472
-62.0,63,228.872339
-75.0,76,229.158054
-63.0,64,229.367842
-61.0,62,229.573917
-62.0,63,229.975078
-62.0,63,230.193179
-62.0,63,230.418333
-61.0,62,230.642705
-61.0,62,230.86575
-63.0,64,231.08479
-61.0,62,231.296604
-62.0,63,231.510977
-61.0,62,231.89068
-61.0,62,232.095515
-143.0,144,232.573694
-62.0,63,232.796403
-62.0,63,233.016104
-115.0,116,233.428922
-62.0,63,233.815855
-62.0,63,234.028346
-62.0,63,234.245222
-61.0,62,234.458029
-61.0,62,234.675077
-62.0,63,234.888951
-62.0,63,235.09808
-60.0,61,235.301696
-63.0,64,235.517144
-62.0,63,235.898837
-61.0,62,236.112072
-63.0,64,236.325216
-62.0,63,236.539264
-60.0,61,236.747139
-61.0,62,236.953862
-61.0,62,237.156847
-73.0,74,237.405151
-61.0,62,237.779638
-61.0,62,237.986773
-62.0,63,238.201853
-61.0,62,238.406444
-63.0,64,238.621657
-61.0,62,238.828533
-62.0,63,239.038843
-62.0,63,239.253521
-61.0,62,239.634523
-61.0,62,239.864253
-63.0,64,240.098337
-70.0,71,240.382122
-61.0,62,240.597466
-72.0,73,240.85128
-63.0,64,241.090373
-62.0,63,241.314555
-61.0,62,241.695117
-62.0,63,241.907863
-63.0,64,242.128766
-62.0,63,242.338974
-62.0,63,242.549088
-61.0,62,242.760607
-62.0,63,242.968509
-61.0,62,243.174171
-61.0,62,243.550611
-63.0,64,243.765164
-62.0,63,243.973177
-63.0,64,244.185378
-62.0,63,244.390827
-62.0,63,244.603634
-60.0,61,244.807538
-62.0,63,245.016293
-61.0,62,245.388051
-61.0,62,245.58964
-62.0,63,245.803473
-61.0,62,246.007376
-62.0,63,246.216937
-62.0,63,246.424955
-62.0,63,246.632469
-62.0,63,246.847744
-62.0,63,247.2276
-61.0,62,247.434178
-62.0,63,247.647953
-62.0,63,247.857471
-62.0,63,248.065703
-62.0,63,248.273601
-62.0,63,248.496132
-62.0,63,248.715507
-63.0,64,249.105326
-63.0,64,249.315817
-61.0,62,249.517474
-61.0,62,249.745431
-61.0,62,249.996273
-61.0,62,250.218434
-61.0,62,250.422008
-61.0,62,250.633388
-62.0,63,251.017603
-62.0,63,251.231754
-62.0,63,251.441754
-61.0,62,251.647738
-78.0,79,251.923167
-62.0,63,252.137526
-62.0,63,252.368443
-62.0,63,252.588015
-71.0,72,253.001303
-63.0,64,253.21396
-62.0,63,253.425617
-61.0,62,253.631711
-61.0,62,253.835493
-62.0,63,254.046996
-62.0,63,254.262393
-61.0,62,254.478361
-61.0,62,254.859996
-61.0,62,255.069515
-61.0,62,255.28952
-61.0,62,255.499194
-61.0,62,255.711224
-63.0,64,255.929718
-62.0,63,256.149698
-62.0,63,256.36501
-62.0,63,256.570678
-61.0,62,256.947562
-63.0,64,257.168851
-61.0,62,257.380277
-61.0,62,257.599059
-61.0,62,257.802963
-62.0,63,258.010731
-63.0,64,258.22666
-61.0,62,258.43123
-62.0,63,258.810256
-62.0,63,259.018278
-61.0,62,259.227584
-62.0,63,259.440795
-61.0,62,259.648358
-110.0,111,260.017871
-87.0,88,260.311948
-61.0,62,260.703607
-62.0,63,260.958806
-61.0,62,261.171153
-62.0,63,261.376261
-63.0,64,261.585388
-61.0,62,261.798663
-63.0,64,262.010061
-63.0,64,262.220356
-87.0,88,262.705895
-62.0,63,262.922144
-61.0,62,263.130846
-62.0,63,263.346796
-61.0,62,263.560077
-62.0,63,263.778543
-61.0,62,263.99152
-61.0,62,264.206478
-88.0,89,264.698527
-62.0,63,264.917775
-63.0,64,265.130317
-61.0,62,265.339369
-61.0,62,265.545893
-62.0,63,265.75861
-62.0,63,265.991811
-61.0,62,266.417946
-62.0,63,266.635178
-62.0,63,266.846994
-61.0,62,267.051663
-62.0,63,267.258435
-62.0,63,267.470166
-61.0,62,267.707571
-62.0,63,267.925862
-61.0,62,268.137997
-62.0,63,268.519629
-62.0,63,268.729762
-61.0,62,268.933911
-61.0,62,269.146249
-62.0,63,269.369713
-61.0,62,269.575305
-62.0,63,269.790077
-63.0,64,270.006584
-63.0,64,270.40017
-62.0,63,270.614131
-62.0,63,270.825881
-63.0,64,271.036633
-62.0,63,271.259927
-63.0,64,271.481393
-62.0,63,271.708924
-69.0,70,271.958011
-62.0,63,272.355652
-61.0,62,272.563176
-70.0,71,272.803439
-61.0,62,273.010324
-114.0,115,273.386926
-62.0,63,273.595394
-61.0,62,273.802885
-62.0,63,274.181609
-61.0,62,274.39853
-60.0,61,274.60365
-61.0,62,274.811911
-62.0,63,275.019664
-62.0,63,275.227728
-61.0,62,275.428887
-62.0,63,275.640278
-60.0,61,276.006831
-62.0,63,276.218235
-61.0,62,276.423933
-61.0,62,276.629822
-60.0,61,276.833015
-63.0,64,277.041306
-63.0,64,277.251015
-62.0,63,277.458878
-62.0,63,277.835412
-63.0,64,278.047248
-62.0,63,278.254028
-61.0,62,278.460555
-63.0,64,278.674161
-61.0,62,278.889695
-62.0,63,279.103983
-61.0,62,279.318193
-62.0,63,279.710126
-62.0,63,279.925479
-62.0,63,280.132454
-62.0,63,280.341014
-62.0,63,280.546861
-61.0,62,280.751974
-60.0,61,280.955919
-61.0,62,281.16515
-61.0,62,281.374968
-61.0,62,281.752163
-61.0,62,281.960595
-63.0,64,282.169552
-62.0,63,282.382719
-60.0,61,282.589786
-61.0,62,282.848115
-61.0,62,283.080755
-61.0,62,283.303428
-61.0,62,283.682434
-62.0,63,283.912206
-62.0,63,284.226373
-61.0,62,284.533925
-61.0,62,284.786959
-62.0,63,284.995356
-61.0,62,285.196934
-61.0,62,285.406204
-61.0,62,285.796088
-61.0,62,286.087292
-63.0,64,286.399486
-61.0,62,286.640384
-62.0,63,286.856306
-70.0,71,287.092601
-62.0,63,287.30046
-61.0,62,287.509691
-61.0,62,287.892703
-61.0,62,288.101485
-62.0,63,288.310064
-61.0,62,288.516057
-61.0,62,288.724399
-61.0,62,288.931767
-60.0,61,289.132952
-62.0,63,289.3465
-62.0,63,289.735019
-62.0,63,289.962857
-61.0,62,290.199453
-62.0,63,290.414254
-62.0,63,290.625241
-61.0,62,290.837514
-61.0,62,291.049284
-62.0,63,291.262569
-62.0,63,291.475506
-61.0,62,291.861804
-62.0,63,292.07024
-63.0,64,292.284708
-62.0,63,292.510907
-62.0,63,292.725246
-62.0,63,292.945994
-100.0,101,293.307779
-61.0,62,293.69938
-61.0,62,293.960563
-62.0,63,294.186222
-61.0,62,294.391915
-62.0,63,294.627485
-61.0,62,294.848324
-60.0,61,295.058218
-62.0,63,295.291656
-61.0,62,295.714683
-63.0,64,295.935761
-60.0,61,296.147339
-63.0,64,296.367764
-61.0,62,296.575118
-63.0,64,296.784105
-62.0,63,296.993417
-61.0,62,297.199022
-62.0,63,297.579843
-61.0,62,297.793894
-62.0,63,298.014969
-61.0,62,298.223256
-69.0,70,298.467297
-62.0,63,298.682029
-61.0,62,298.890809
-61.0,62,299.097984
-62.0,63,299.498012
-63.0,64,299.714706
-61.0,62,299.924803
-62.0,63,300.132571
-61.0,62,300.34742
-61.0,62,300.561557
-61.0,62,300.776084
-84.0,85,301.070476
-61.0,62,301.458863
-72.0,73,301.705779
-61.0,62,301.917155
-61.0,62,302.128157
-61.0,62,302.341933
-63.0,64,302.558725
-62.0,63,302.783204
-62.0,63,302.995092
-63.0,64,303.393017
-61.0,62,303.60252
-61.0,62,303.816976
-61.0,62,304.034093
-62.0,63,304.250848
-61.0,62,304.480032
-62.0,63,304.715179
-69.0,70,304.974689
-61.0,62,305.381607
-61.0,62,305.606929
-61.0,62,305.829081
-61.0,62,306.044086
-62.0,63,306.267639
-61.0,62,306.488193
-62.0,63,306.710501
-61.0,62,306.932549
-62.0,63,307.159415
-62.0,63,307.575027
-62.0,63,307.789377
-62.0,63,308.001021
-61.0,62,308.207886
-60.0,61,308.415278
-61.0,62,308.623419
-61.0,62,308.823607
-62.0,63,309.030128
-62.0,63,309.409748
-62.0,63,309.618867
-62.0,63,309.838861
-61.0,62,310.046905
-62.0,63,310.255576
-71.0,72,310.516072
-61.0,62,310.722081
-62.0,63,310.931327
-62.0,63,311.314716
-62.0,63,311.526344
-61.0,62,311.73479
-63.0,64,311.960314
-62.0,63,312.183516
-63.0,64,312.400918
-62.0,63,312.61445
-62.0,63,312.825388
-61.0,62,313.202533
-61.0,62,313.40806
-61.0,62,313.618922
-61.0,62,313.832863
-61.0,62,314.041804
-63.0,64,314.263169
-61.0,62,314.486495
-63.0,64,314.713926
-61.0,62,315.157352
-61.0,62,315.388898
-62.0,63,315.610728
-61.0,62,315.871643
-61.0,62,316.125468
-60.0,61,316.372322
-63.0,64,316.592793
-61.0,62,316.805852
-61.0,62,317.188464
-62.0,63,317.409021
-62.0,63,317.656588
-61.0,62,317.871912
-63.0,64,318.089619
-61.0,62,318.320206
-63.0,64,318.550432
-61.0,62,318.764921
-62.0,63,318.977897
-62.0,63,319.362316
-62.0,63,319.571801
-61.0,62,319.778938
-62.0,63,319.986557
-61.0,62,320.190835
-62.0,63,320.403581
-62.0,63,320.613277
-61.0,62,320.820187
-62.0,63,321.203122
-62.0,63,321.416125
-61.0,62,321.623152
-61.0,62,321.826877
-61.0,62,322.03284
-63.0,64,322.242915
-61.0,62,322.446407
-63.0,64,322.659616
-62.0,63,323.039435
-61.0,62,323.241816
-61.0,62,323.451098
-61.0,62,323.658924
-63.0,64,323.867449
-61.0,62,324.070423
-61.0,62,324.275037
-60.0,61,324.475809
-62.0,63,324.853365
-62.0,63,325.06153
-62.0,63,325.267791
-61.0,62,325.473217
-63.0,64,325.693769
-62.0,63,325.901411
-62.0,63,326.108237
-63.0,64,326.367801
-62.0,63,326.769012
-62.0,63,327.005965
-61.0,62,327.233953
-63.0,64,327.456118
-61.0,62,327.663278
-62.0,63,327.917691
-62.0,63,328.141647
-61.0,62,328.365009
-62.0,63,328.763228
-62.0,63,329.002186
-62.0,63,329.242038
-61.0,62,329.502928
-62.0,63,329.77448
-61.0,62,330.027073
-62.0,63,330.346615
-61.0,62,330.755895
-61.0,62,331.212821
-62.0,63,331.669901
-62.0,63,331.912052
-62.0,63,332.154065
-62.0,63,332.37631
-61.0,62,332.623652
-60.0,61,332.842856
-61.0,62,333.084585
-62.0,63,333.310459
-63.0,64,333.752646
-61.0,62,334.036787
-62.0,63,334.319956
-62.0,63,334.571944
-62.0,63,334.860554
-62.0,63,335.168818
-61.0,62,335.456561
-62.0,63,335.776827
-62.0,63,336.277613
-61.0,62,336.584118
-62.0,63,336.906518
-61.0,62,337.203037
-61.0,62,337.494185
-61.0,62,337.8383
-61.0,62,338.128222
-63.0,64,338.437222
-61.0,62,338.908709
-62.0,63,339.169635
-61.0,62,339.415142
-61.0,62,339.677269
-61.0,62,339.922219
-62.0,63,340.203639
-61.0,62,340.456846
-61.0,62,340.696422
-63.0,64,341.118349
-61.0,62,341.358175
-61.0,62,341.604034
-62.0,63,341.832026
-62.0,63,342.062481
-63.0,64,342.298042
-62.0,63,342.539922
-60.0,61,342.771721
-69.0,70,343.202528
-63.0,64,343.426415
-60.0,61,343.656206
-61.0,62,343.88871
-71.0,72,344.170611
-62.0,63,344.420481
-70.0,71,344.706958
-61.0,62,344.950385
-70.0,71,345.432748
-61.0,62,345.693607
-70.0,71,345.947657
-62.0,63,346.200723
-70.0,71,346.466911
-70.0,71,346.712115
-69.0,70,346.95897
-70.0,71,347.244732
-62.0,63,347.777525
-62.0,63,348.110188
-70.0,71,348.427298
-62.0,63,348.703877
-61.0,62,348.95768
-71.0,72,349.244394
-63.0,64,349.512748
-61.0,62,349.789204
-61.0,62,350.192529
-61.0,62,350.398733
-61.0,62,350.622922
-62.0,63,350.850206
-61.0,62,351.100383
-61.0,62,351.339659
-61.0,62,351.551714
-61.0,62,351.760691
-62.0,63,352.143248
-71.0,72,352.386028
-61.0,62,352.593601
-62.0,63,352.802876
-61.0,62,353.016104
-70.0,71,353.25606
-61.0,62,353.471566
-62.0,63,353.697249
-61.0,62,354.080707
-61.0,62,354.291037
-62.0,63,354.526701
-61.0,62,354.752059
-61.0,62,354.987236
-61.0,62,355.202561
-61.0,62,355.413683
-70.0,71,355.654255
-63.0,64,356.037743
-59.0,60,356.245419
-61.0,62,356.45042
-61.0,62,356.664223
-61.0,62,356.876251
-61.0,62,357.084293
-61.0,62,357.294278
-60.0,61,357.499819
-61.0,62,357.900632
-61.0,62,358.110332
-61.0,62,358.355212
-61.0,62,358.56591
-62.0,63,358.77848
-62.0,63,358.987296
-103.0,104,359.331319
-61.0,62,359.538706
-62.0,63,359.939261
-61.0,62,360.143757
-60.0,61,360.345665
-60.0,61,360.546377
-62.0,63,360.759879
-61.0,62,360.964337
-62.0,63,361.17323
-61.0,62,361.377989
-61.0,62,361.759071
-61.0,62,361.969987
-59.0,60,362.166726
-61.0,62,362.37481
-61.0,62,362.582549
-61.0,62,362.790628
-62.0,63,363.002276
-61.0,62,363.238795
-62.0,63,363.659745
-61.0,62,363.870723
-62.0,63,364.093773
-61.0,62,364.312758
-61.0,62,364.524317
-62.0,63,364.755038
-62.0,63,364.976244
-61.0,62,365.193254
-61.0,62,365.579022
-61.0,62,365.789877
-62.0,63,366.00828
-61.0,62,366.213821
-61.0,62,366.4202
-61.0,62,366.629945
-62.0,63,366.837818
-61.0,62,367.044308
-61.0,62,367.318711
-61.0,62,367.752875
-62.0,63,368.060833
-62.0,63,368.303338
-62.0,63,368.540085
-61.0,62,368.795553
-61.0,62,369.00474
-61.0,62,369.207743
-62.0,63,369.419177
-61.0,62,369.798224
-62.0,63,370.006553
-61.0,62,370.215352
-76.0,77,370.469654
-61.0,62,370.675425
-62.0,63,370.886075
-62.0,63,371.091075
-61.0,62,371.29108
-61.0,62,371.66661
-62.0,63,371.877043
-61.0,62,372.088157
-61.0,62,372.371381
-62.0,63,372.63941
-62.0,63,372.87362
-70.0,71,373.113016
-62.0,63,373.338245
-61.0,62,373.720639
-61.0,62,373.930058
-62.0,63,374.140483
-61.0,62,374.385737
-61.0,62,374.611903
-62.0,63,374.825709
-62.0,63,375.064182
-61.0,62,375.275711
-62.0,63,375.663355
-61.0,62,375.872127
-62.0,63,376.08572
-61.0,62,376.292603
-62.0,63,376.507936
-62.0,63,376.727555
-61.0,62,376.938959
-62.0,63,377.148364
-62.0,63,377.537739
-61.0,62,377.752684
-61.0,62,377.966056
-61.0,62,378.183851
-61.0,62,378.398888
-61.0,62,378.612339
-62.0,63,378.870767
-61.0,62,379.106945
-61.0,62,379.482866
-63.0,64,379.696861
-61.0,62,379.901567
-62.0,63,380.108954
-62.0,63,380.318831
-62.0,63,380.525017
-61.0,62,380.735871
-61.0,62,380.943427
-61.0,62,381.153582
-60.0,61,381.525859
-62.0,63,381.738749
-63.0,64,381.95444
-62.0,63,382.166352
-61.0,62,382.372458
-62.0,63,382.58505
-62.0,63,382.794988
-61.0,62,383.000446
-61.0,62,383.381912
-60.0,61,383.588147
-62.0,63,383.802713
-61.0,62,384.021557
-61.0,62,384.279685
-61.0,62,384.499783
-61.0,62,384.708919
-79.0,80,384.986122
-63.0,64,385.393769
-61.0,62,385.60047
-61.0,62,385.816885
-62.0,63,386.049974
-61.0,62,386.265478
-61.0,62,386.472033
-62.0,63,386.694274
-62.0,63,386.917816
-62.0,63,387.305528
-61.0,62,387.516895
-61.0,62,387.726057
-61.0,62,387.928948
-62.0,63,388.136089
-61.0,62,388.339577
-61.0,62,388.547661
-62.0,63,388.756728
-62.0,63,389.140066
-61.0,62,389.347342
-61.0,62,389.546247
-61.0,62,389.775445
-63.0,64,390.04094
-61.0,62,390.249375
-61.0,62,390.45757
-61.0,62,390.662097
-61.0,62,391.039319
-61.0,62,391.244814
-61.0,62,391.449238
-62.0,63,391.656221
-61.0,62,391.861886
-61.0,62,392.066709
-63.0,64,392.277011
-67.0,68,392.501107
-61.0,62,392.876818
-61.0,62,393.085464
-61.0,62,393.29285
-61.0,62,393.496899
-62.0,63,393.712097
-61.0,62,393.916637
-61.0,62,394.126097
-62.0,63,394.334396
-61.0,62,394.5411
-61.0,62,394.917983
-62.0,63,395.129705
-106.0,107,395.484942
-61.0,62,395.695261
-61.0,62,395.898288
-61.0,62,396.103582
-61.0,62,396.320376
-61.0,62,396.701374
-61.0,62,396.914698
-61.0,62,397.123726
-63.0,64,397.343299
-60.0,61,397.554334
-62.0,63,397.765346
-62.0,63,397.972163
-61.0,62,398.177267
-61.0,62,398.552333
-62.0,63,398.761124
-61.0,62,398.964623
-62.0,63,399.176542
-61.0,62,399.382391
-62.0,63,399.592929
-61.0,62,399.811815
-62.0,63,400.02788
-61.0,62,400.241079
-61.0,62,400.62887
-61.0,62,400.929768
-61.0,62,401.198704
-61.0,62,401.467144
-61.0,62,401.690818
-61.0,62,401.903965
-61.0,62,402.117468
-61.0,62,402.323904
-61.0,62,402.764213
-62.0,63,402.98869
-61.0,62,403.213386
-61.0,62,403.433349
-63.0,64,403.661906
-62.0,63,403.88014
-61.0,62,404.099544
-61.0,62,404.311988
-62.0,63,404.729862
-62.0,63,404.945471
-61.0,62,405.162937
-61.0,62,405.383737
-62.0,63,405.606683
-70.0,71,405.85493
-62.0,63,406.077859
-61.0,62,406.303893
-62.0,63,406.706344
-61.0,62,406.927574
-61.0,62,407.142021
-61.0,62,407.357572
-63.0,64,407.585712
-61.0,62,407.797961
-61.0,62,408.023732
-84.0,85,408.379214
-63.0,64,408.815774
-61.0,62,409.034459
-61.0,62,409.247988
-62.0,63,409.464486
-61.0,62,409.681294
-114.0,115,410.093661
-62.0,63,410.309301
-61.0,62,410.696532
-62.0,63,410.905917
-61.0,62,411.113225
-62.0,63,411.328517
-60.0,61,411.529816
-63.0,64,411.764687
-62.0,63,412.013263
-63.0,64,412.266738
-61.0,62,412.662994
-61.0,62,412.879791
-61.0,62,413.094747
-61.0,62,413.315708
-61.0,62,413.542072
-61.0,62,413.762208
-61.0,62,413.976092
-61.0,62,414.187593
-61.0,62,414.396514
-126.0,127,415.012713
-63.0,64,415.228125
-63.0,64,415.452158
-61.0,62,415.662935
-112.0,113,416.046864
-62.0,63,416.262246
-117.0,118,416.823729
-62.0,63,417.032546
-61.0,62,417.24149
-61.0,62,417.45027
-61.0,62,417.659765
-61.0,62,417.868783
-61.0,62,418.099874
-63.0,64,418.512712
-62.0,63,418.735769
-62.0,63,418.952217
-61.0,62,419.163482
-61.0,62,419.376752
-62.0,63,419.588505
-61.0,62,419.800759
-62.0,63,420.011947
-62.0,63,420.390247
-62.0,63,420.602807
-61.0,62,420.813676
-61.0,62,421.026666
-61.0,62,421.235035
-64.0,65,421.485382
-61.0,62,421.735923
-61.0,62,421.991455
-62.0,63,422.219636
-61.0,62,422.595923
-61.0,62,422.800534
-61.0,62,423.006913
-61.0,62,423.213424
-61.0,62,423.420775
-61.0,62,423.624637
-61.0,62,423.829701
-61.0,62,424.034299
-62.0,63,424.407274
-61.0,62,424.614115
-61.0,62,424.817742
-61.0,62,425.027236
-62.0,63,425.23621
-61.0,62,425.439255
-61.0,62,425.648065
-61.0,62,425.851937
-61.0,62,426.226588
-61.0,62,426.435997
-61.0,62,426.642372
-62.0,63,426.85158
-61.0,62,427.062187
-61.0,62,427.26955
-61.0,62,427.475152
-62.0,63,427.683968
-77.0,78,428.114571
-62.0,63,428.327669
-61.0,62,428.537938
-61.0,62,428.74333
-61.0,62,428.951043
-61.0,62,429.153085
-62.0,63,429.364355
-63.0,64,429.57668
-62.0,63,429.961691
-63.0,64,430.178711
-62.0,63,430.385041
-63.0,64,430.598384
-63.0,64,431.331657
-63.0,64,431.925395
-62.0,63,432.517604
-61.0,62,433.02773
-61.0,62,433.612311
-61.0,62,433.825287
-61.0,62,434.03518
-61.0,62,434.241957
-61.0,62,434.447321
-61.0,62,434.654286
-63.0,64,434.870104
-61.0,62,435.075305
-61.0,62,435.281439
-61.0,62,435.662134
-61.0,62,435.865232
-62.0,63,436.076062
-61.0,62,436.281461
-61.0,62,436.487083
-63.0,64,436.705577
-62.0,63,436.914413
-62.0,63,437.123762
-61.0,62,437.495698
-61.0,62,437.707604
-61.0,62,437.911367
-62.0,63,438.122532
-61.0,62,438.326183
-61.0,62,438.536027
-62.0,63,438.7466
-63.0,64,438.958365
-61.0,62,439.337917
-61.0,62,439.545627
-61.0,62,439.752409
-61.0,62,439.959064
-61.0,62,440.164069
-61.0,62,440.367977
-61.0,62,440.576637
-61.0,62,440.782037
-61.0,62,441.158701
-61.0,62,441.365237
-61.0,62,441.576365
-61.0,62,441.788685
-61.0,62,441.993948
-61.0,62,442.197761
-61.0,62,442.399032
-62.0,63,442.608404
-61.0,62,443.028288
-63.0,64,443.243362
-61.0,62,443.450361
-61.0,62,443.656502
-62.0,63,443.862509
-61.0,62,444.068733
-61.0,62,444.276024
-62.0,63,444.482785
-62.0,63,444.694698
-62.0,63,445.072951
-61.0,62,445.279904
-68.0,69,445.508413
-63.0,64,445.719476
-61.0,62,445.928139
-61.0,62,446.134684
-61.0,62,446.340953
-61.0,62,446.551625
-62.0,63,446.935035
-61.0,62,447.14128
-63.0,64,447.350431
-61.0,62,447.555336
-61.0,62,447.762679
-63.0,64,447.975721
-60.0,61,448.180424
-62.0,63,448.385272
-62.0,63,448.765136
-61.0,62,448.968835
-61.0,62,449.179138
-61.0,62,449.387076
-62.0,63,449.597867
-61.0,62,449.807396
-62.0,63,450.058777
-62.0,63,450.293905
-61.0,62,450.673033
-62.0,63,450.883534
-62.0,63,451.095437
-61.0,62,451.300337
-61.0,62,451.50578
-62.0,63,451.72193
-62.0,63,451.931865
-61.0,62,452.136857
-61.0,62,452.514796
-61.0,62,452.716225
-61.0,62,452.919111
-71.0,72,453.153013
-61.0,62,453.359566
-61.0,62,453.570231
-61.0,62,453.811575
-61.0,62,454.04601
-61.0,62,454.438242
-63.0,64,454.654242
-61.0,62,454.865167
-61.0,62,455.068992
-60.0,61,455.272251
-62.0,63,455.484431
-61.0,62,455.688484
-63.0,64,455.902703
-61.0,62,456.111755
-61.0,62,456.486328
-62.0,63,456.706581
-61.0,62,456.917264
-62.0,63,457.125515
-61.0,62,457.332421
-61.0,62,457.542069
-129.0,130,457.973202
-62.0,63,458.350551
-61.0,62,458.552095
-61.0,62,458.76271
-61.0,62,458.975931
-62.0,63,459.183639
-61.0,62,459.39167
-61.0,62,459.597144
-61.0,62,459.810161
-61.0,62,460.181678
-62.0,63,460.390709
-61.0,62,460.598111
-61.0,62,460.818267
-62.0,63,461.027555
-62.0,63,461.235194
-63.0,64,461.4479
-62.0,63,461.66241
-61.0,62,462.042434
-61.0,62,462.24932
-63.0,64,462.46108
-61.0,62,462.67194
-85.0,86,462.961044
-62.0,63,463.17263
-61.0,62,463.38228
-61.0,62,463.589959
-61.0,62,463.965551
-61.0,62,464.198512
-61.0,62,464.406881
-61.0,62,464.612392
-61.0,62,464.863759
-61.0,62,465.086242
-61.0,62,465.324797
-61.0,62,465.532718
-61.0,62,465.909124
-63.0,64,466.12287
-63.0,64,466.332579
-61.0,62,466.537227
-61.0,62,466.743397
-61.0,62,466.949016
-61.0,62,467.152663
-62.0,63,467.362684
-62.0,63,467.753428
-61.0,62,467.956007
-62.0,63,468.166513
-61.0,62,468.380578
-61.0,62,468.594982
-62.0,63,468.822373
-61.0,62,469.032559
-62.0,63,469.268451
-63.0,64,469.673342
-61.0,62,469.890292
-62.0,63,470.104369
-61.0,62,470.316397
-61.0,62,470.550309
-61.0,62,470.845931
-62.0,63,471.084003
-62.0,63,471.357141
-61.0,62,471.621022
-61.0,62,472.009165
-63.0,64,472.235618
-61.0,62,472.457422
-61.0,62,472.692997
-61.0,62,472.918661
-61.0,62,473.142021
-62.0,63,473.362245
-61.0,62,473.604818
-61.0,62,473.992813
-61.0,62,474.208876
-61.0,62,474.421991
-61.0,62,474.642342
-63.0,64,474.876875
-61.0,62,475.095085
-61.0,62,475.302068
-61.0,62,475.537116
-63.0,64,476.002591
-61.0,62,476.234279
-62.0,63,476.447978
-61.0,62,476.682425
-61.0,62,476.894762
-61.0,62,477.128751
-61.0,62,477.386914
-61.0,62,477.614713
-61.0,62,478.015154
-61.0,62,478.227698
-62.0,63,478.472547
-62.0,63,478.77446
-61.0,62,479.001694
-61.0,62,479.220359
-61.0,62,479.435028
-61.0,62,479.647937
-61.0,62,479.853199
-61.0,62,480.227305
-61.0,62,480.439303
-61.0,62,480.65045
-61.0,62,480.900747
-61.0,62,481.16503
-62.0,63,481.373919
-61.0,62,481.687617
-61.0,62,481.938776
-62.0,63,482.362182
-61.0,62,482.599132
-61.0,62,482.848167
-61.0,62,483.053933
-63.0,64,483.302928
-62.0,63,483.526026
-61.0,62,483.744919
-61.0,62,483.953161
-61.0,62,484.373888
-61.0,62,484.602946
-61.0,62,484.827485
-61.0,62,485.032401
-61.0,62,485.23567
-62.0,63,485.442703
-61.0,62,485.652399
-61.0,62,485.856408
-62.0,63,486.247656
-61.0,62,486.465551
-61.0,62,486.701899
-61.0,62,486.956709
-61.0,62,487.190517
-62.0,63,487.415741
-61.0,62,487.653171
-61.0,62,487.871459
-61.0,62,488.290985
-62.0,63,488.512166
-61.0,62,488.74128
-60.0,61,488.956038
-61.0,62,489.195526
-61.0,62,489.426112
-61.0,62,489.641045
-61.0,62,489.861676
-63.0,64,490.108462
-62.0,63,490.555231
-63.0,64,490.813087
-62.0,63,491.077618
-61.0,62,491.325821
-62.0,63,491.559514
-62.0,63,491.858607
-61.0,62,492.094311
-62.0,63,492.367105
-62.0,63,492.765293
-61.0,62,493.000382
-61.0,62,493.236762
-62.0,63,493.497002
-61.0,62,493.767134
-61.0,62,494.018023
-61.0,62,494.239656
-60.0,61,494.538756
-62.0,63,494.931173
-61.0,62,495.133814
-61.0,62,495.341083
-62.0,63,495.621626
-62.0,63,495.850356
-61.0,62,496.107632
-62.0,63,496.382803
-61.0,62,496.651328
-62.0,63,497.058615
-61.0,62,497.270596
-61.0,62,497.481665
-61.0,62,497.733136
-61.0,62,497.973585
-64.0,65,498.227439
-61.0,62,498.43431
-61.0,62,498.650172
-62.0,63,499.087614
-61.0,62,499.306707
-61.0,62,499.544152
-60.0,61,499.754663
-61.0,62,499.971637
-61.0,62,500.184497
-62.0,63,500.428265
-61.0,62,500.644612
-61.0,62,500.855652
-63.0,64,501.256727
-61.0,62,501.459727
-61.0,62,501.705459
-61.0,62,501.947469
-62.0,63,502.175134
-61.0,62,502.39129
-61.0,62,502.612127
-61.0,62,502.837295
-61.0,62,503.23056
-61.0,62,503.46275
-61.0,62,503.734165
-61.0,62,503.969527
-62.0,63,504.178664
-62.0,63,504.433397
-61.0,62,504.665982
-63.0,64,504.901969
-61.0,62,505.291826
-60.0,61,505.517648
-62.0,63,505.763992
-61.0,62,505.99357
-61.0,62,506.229749
-61.0,62,506.455413
-61.0,62,506.685082
-61.0,62,506.904571
-61.0,62,507.308317
-62.0,63,507.533197
-60.0,61,507.761199
-61.0,62,507.992015
-61.0,62,508.216261
-61.0,62,508.446284
-60.0,61,508.678113
-62.0,63,508.942204
-63.0,64,509.214149
-61.0,62,509.637886
-62.0,63,509.867867
-61.0,62,510.111627
-61.0,62,510.340222
-61.0,62,510.555339
-61.0,62,510.825036
-61.0,62,511.118454
-86.0,87,511.641213
-61.0,62,511.874772
-61.0,62,512.09965
-61.0,62,512.344728
-61.0,62,512.55618
-61.0,62,512.781566
-61.0,62,513.034275
-62.0,63,513.272106
-61.0,62,513.49169
-63.0,64,513.903562
-61.0,62,514.107502
-61.0,62,514.316695
-61.0,62,514.525543
-61.0,62,514.734733
-62.0,63,514.953966
-61.0,62,515.164771
-61.0,62,515.377935
-61.0,62,515.762613
-61.0,62,515.974572
-62.0,63,516.185016
-62.0,63,516.398082
-61.0,62,516.611718
-61.0,62,516.833917
-61.0,62,517.044589
-61.0,62,517.256527
-61.0,62,517.643572
-62.0,63,517.870488
-61.0,62,518.078808
-61.0,62,518.289159
-61.0,62,518.496689
-61.0,62,518.715522
-61.0,62,518.93504
-61.0,62,519.146296
-61.0,62,519.56558
-61.0,62,519.809435
-62.0,63,520.067956
-61.0,62,520.317427
-61.0,62,520.562408
-61.0,62,520.789003
-61.0,62,521.056059
-61.0,62,521.32062
-61.0,62,521.605143
-61.0,62,522.025589
-62.0,63,522.246228
-61.0,62,522.457938
-62.0,63,522.677033
-61.0,62,522.885795
-61.0,62,523.090726
-61.0,62,523.298496
-61.0,62,523.50625
-62.0,63,523.887695
-61.0,62,524.095559
-61.0,62,524.325679
-63.0,64,524.564837
-96.0,97,524.908358
-61.0,62,525.127025
-61.0,62,525.356143
-61.0,62,525.776648
-61.0,62,526.010329
-61.0,62,526.242315
-61.0,62,526.528311
-61.0,62,526.769511
-61.0,62,526.978765
-61.0,62,527.184798
-61.0,62,527.43383
-61.0,62,527.688987
-61.0,62,528.078989
-61.0,62,528.32706
-61.0,62,528.550278
-61.0,62,528.789108
-61.0,62,529.099539
-61.0,62,529.326653
-61.0,62,529.553525
-61.0,62,529.81669
-61.0,62,530.23257
-61.0,62,530.450804
-61.0,62,530.824682
-61.0,62,531.130433
-63.0,64,531.464094
-62.0,63,531.769803
-61.0,62,531.982275
-103.0,104,532.535348
-62.0,63,532.748622
-61.0,62,532.963073
-62.0,63,533.214216
-62.0,63,533.448249
-63.0,64,533.672923
-61.0,62,533.88816
-61.0,62,534.100189
-62.0,63,534.320725
-61.0,62,534.714714
-61.0,62,534.922623
-61.0,62,535.131266
-62.0,63,535.344677
-61.0,62,535.549811
-61.0,62,535.755145
-61.0,62,535.961535
-61.0,62,536.168741
-61.0,62,536.555109
-61.0,62,536.766279
-61.0,62,536.971214
-61.0,62,537.18375
-61.0,62,537.392676
-62.0,63,537.604142
-62.0,63,537.816187
-62.0,63,538.026944
-61.0,62,538.409752
-60.0,61,538.611854
-61.0,62,538.822734
-61.0,62,539.030208
-61.0,62,539.234298
-61.0,62,539.440806
-61.0,62,539.654137
-61.0,62,539.894779
-62.0,63,540.275445
-62.0,63,540.524487
-61.0,62,540.769378
-61.0,62,541.027443
-61.0,62,541.30032
-61.0,62,541.515823
-61.0,62,541.730764
-61.0,62,541.941149
-60.0,61,542.148912
-62.0,63,542.533903
-60.0,61,542.741034
-61.0,62,542.946532
-61.0,62,543.155644
-62.0,63,543.371535
-61.0,62,543.606959
-61.0,62,543.819194
-60.0,61,544.028379
-62.0,63,544.412953
-61.0,62,544.624872
-61.0,62,544.831072
-61.0,62,545.035922
-61.0,62,545.237494
-61.0,62,545.440897
-61.0,62,545.6534
-62.0,63,545.859689
-98.0,99,546.354073
-61.0,62,546.558833
-62.0,63,546.768719
-61.0,62,546.972039
-61.0,62,547.17976
-61.0,62,547.381405
-61.0,62,547.588932
-62.0,63,547.797585
-62.0,63,548.175784
-61.0,62,548.387964
-61.0,62,548.595921
-62.0,63,548.809784
-60.0,61,549.012431
-63.0,64,549.222846
-60.0,61,549.424079
-61.0,62,549.63002
-61.0,62,550.009654
-61.0,62,550.217291
-61.0,62,550.422661
-61.0,62,550.630985
-61.0,62,550.837177
-61.0,62,551.040218
-60.0,61,551.238993
-63.0,64,551.450422
-61.0,62,551.882496
-61.0,62,552.119029
-61.0,62,552.344084
-61.0,62,552.555804
-61.0,62,552.770792
-60.0,61,553.007987
-61.0,62,553.221365
-61.0,62,553.428069
-61.0,62,553.802083
-62.0,63,554.013296
-61.0,62,554.239642
-61.0,62,554.443966
-61.0,62,554.725004
-61.0,62,554.950259
-61.0,62,555.164037
-62.0,63,555.369645
-61.0,62,555.576933
-61.0,62,555.955867
-62.0,63,556.162786
-61.0,62,556.397929
-86.0,87,556.733328
-61.0,62,556.946671
-61.0,62,557.15804
-62.0,63,557.37296
-61.0,62,557.583464
-61.0,62,557.970556
-62.0,63,558.183518
-61.0,62,558.407893
-61.0,62,558.638261
-61.0,62,558.85305
-62.0,63,559.065758
-61.0,62,559.278114
-61.0,62,559.493835
-61.0,62,559.881065
-61.0,62,560.087756
-60.0,61,560.288189
-61.0,62,560.496749
-62.0,63,560.709168
-61.0,62,560.912009
-60.0,61,561.11094
-61.0,62,561.314658
-60.0,61,561.68486
-63.0,64,561.893787
-63.0,64,562.104571
-62.0,63,562.315739
-60.0,61,562.514942
-61.0,62,562.731533
-62.0,63,562.986473
-62.0,63,563.228277
-61.0,62,563.630553
-61.0,62,563.864982
-61.0,62,564.094596
-61.0,62,564.326045
-61.0,62,564.547051
-61.0,62,564.766303
-62.0,63,565.020879
-61.0,62,565.256463
-61.0,62,565.696736
-61.0,62,565.936174
-61.0,62,566.19597
-62.0,63,566.573091
-61.0,62,567.04421
-61.0,62,567.41712
-61.0,62,567.687161
-61.0,62,567.924812
-62.0,63,568.183608
-61.0,62,568.588114
-61.0,62,568.799766
-75.0,76,569.070152
-61.0,62,569.274847
-61.0,62,569.479839
-61.0,62,569.686609
-61.0,62,569.886212
-61.0,62,570.093804
-61.0,62,570.465007
-61.0,62,570.6721
-61.0,62,570.873452
-61.0,62,571.077918
-61.0,62,571.284259
-61.0,62,571.488912
-61.0,62,571.690792
-61.0,62,571.893533
-61.0,62,572.263904
-60.0,61,572.464871
-61.0,62,572.682541
-61.0,62,572.90193
-61.0,62,573.150857
-61.0,62,573.376634
-61.0,62,573.584663
-62.0,63,573.832985
-61.0,62,574.253049
-60.0,61,574.499853
-61.0,62,574.712913
-61.0,62,574.920357
-61.0,62,575.125149
-61.0,62,575.326886
-61.0,62,575.545654
-61.0,62,575.764752
-61.0,62,576.149385
-60.0,61,576.351799
-60.0,61,576.55739
-61.0,62,576.766987
-61.0,62,576.968459
-62.0,63,577.183485
-61.0,62,577.389497
-61.0,62,577.589753
-61.0,62,577.803578
-61.0,62,578.174925
-61.0,62,578.374595
-62.0,63,578.577605
-61.0,62,578.787246
-61.0,62,578.995097
-62.0,63,579.199588
-61.0,62,579.404387
-62.0,63,579.619364
-62.0,63,580.04178
-62.0,63,580.288565
-61.0,62,580.51894
-61.0,62,580.730267
-61.0,62,580.938331
-61.0,62,581.141137
-61.0,62,581.347987
-61.0,62,581.555238
-61.0,62,581.937195
-62.0,63,582.147697
-62.0,63,582.356466
-61.0,62,582.562808
-61.0,62,582.768684
-61.0,62,582.971877
-61.0,62,583.17585
-61.0,62,583.380699
-61.0,62,583.766238
-62.0,63,584.019361
-61.0,62,584.222863
-62.0,63,584.427671
-61.0,62,584.627071
-61.0,62,584.832314
-61.0,62,585.038336
-60.0,61,585.240971
-61.0,62,585.445015
-61.0,62,585.828977
-61.0,62,586.044986
-62.0,63,586.269423
-61.0,62,586.484587
-61.0,62,586.689126
-61.0,62,586.895743
-61.0,62,587.102834
-62.0,63,587.309835
-61.0,62,587.680403
-61.0,62,587.888294
-62.0,63,588.097579
-62.0,63,588.304603
-60.0,61,588.507392
-61.0,62,588.713773
-61.0,62,588.919755
-61.0,62,589.123623
-61.0,62,589.495014
-61.0,62,589.703479
-61.0,62,589.905534
-62.0,63,590.110764
-61.0,62,590.311591
-61.0,62,590.515571
-61.0,62,590.723784
-62.0,63,590.935473
-61.0,62,591.308678
-61.0,62,591.512007
-63.0,64,591.766872
-62.0,63,592.01459
-62.0,63,592.266445
-61.0,62,592.512862
-62.0,63,592.714823
-62.0,63,592.918239
-61.0,62,593.123972
-61.0,62,593.492893
-62.0,63,593.698683
-61.0,62,593.901586
-62.0,63,594.110675
-62.0,63,594.315687
-60.0,61,594.511463
-60.0,61,594.755933
-61.0,62,595.003336
-61.0,62,595.375696
-61.0,62,595.576774
-61.0,62,595.782424
-61.0,62,595.989956
-61.0,62,596.198905
-61.0,62,596.40142
-61.0,62,596.607961
-61.0,62,596.811962
-61.0,62,597.18015
-61.0,62,597.385764
-62.0,63,597.597754
-61.0,62,597.798648
-61.0,62,598.003202
-61.0,62,598.209423
-61.0,62,598.415217
-60.0,61,598.620325
-61.0,62,598.991811
-63.0,64,599.210226
-61.0,62,599.415855
-62.0,63,599.622403
-61.0,62,599.826413
-61.0,62,600.031747
-61.0,62,600.237931
-62.0,63,600.446829
-61.0,62,600.825114
-61.0,62,601.025047
-61.0,62,601.232422
-61.0,62,601.434289
-60.0,61,601.637394
-62.0,63,601.844584
-60.0,61,602.042669
-71.0,72,602.280898
-61.0,62,602.486525
-61.0,62,602.859289
-61.0,62,603.061308
-62.0,63,603.272709
-63.0,64,603.48658
-62.0,63,603.698668
-61.0,62,603.902295
-61.0,62,604.109194
-60.0,61,604.309802
-61.0,62,604.684049
-61.0,62,604.888831
-62.0,63,605.09736
-61.0,62,605.303879
-61.0,62,605.507083
-61.0,62,605.732967
-61.0,62,605.982894
-61.0,62,606.196305
-62.0,63,606.573956
-60.0,61,606.779478
-61.0,62,606.983124
-61.0,62,607.190787
-62.0,63,607.395702
-60.0,61,607.599825
-61.0,62,608.461069
-61.0,62,608.771546
-61.0,62,609.147487
-61.0,62,609.350135
-61.0,62,609.552581
-61.0,62,609.758644
-60.0,61,609.96323
-61.0,62,610.168057
-61.0,62,610.372679
-61.0,62,610.580555
-61.0,62,610.7949
-62.0,63,611.170815
-61.0,62,611.37817
-63.0,64,611.589524
-61.0,62,611.805051
-61.0,62,612.008536
-62.0,63,612.218657
-61.0,62,612.422871
-60.0,61,612.624301
-62.0,63,613.001966
-61.0,62,613.204104
-62.0,63,613.41103
-60.0,61,613.614674
-61.0,62,613.818008
-61.0,62,614.019976
-61.0,62,614.221555
-61.0,62,614.420876
-60.0,61,614.790314
-61.0,62,614.995937
-61.0,62,615.203277
-60.0,61,615.405893
-61.0,62,615.608706
-60.0,61,615.812138
-61.0,62,616.012774
-61.0,62,616.21479
-60.0,61,616.586717
-61.0,62,616.81474
-61.0,62,617.058567
-61.0,62,617.280873
-61.0,62,617.484485
-61.0,62,617.690004
-60.0,61,617.887699
-61.0,62,618.087908
-61.0,62,618.291316
-63.0,64,618.670704
-63.0,64,618.882973
-60.0,61,619.081127
-61.0,62,619.281303
-61.0,62,619.485725
-62.0,63,619.693394
-61.0,62,619.896405
-61.0,62,620.100619
-61.0,62,620.470837
-60.0,61,620.675009
-61.0,62,620.876217
-61.0,62,621.085949
-61.0,62,621.29494
-60.0,61,621.495744
-61.0,62,621.700643
-61.0,62,621.905846
-60.0,61,622.272259
-61.0,62,622.477982
-61.0,62,622.684502
-61.0,62,622.886872
-61.0,62,623.087983
-61.0,62,623.290881
-60.0,61,623.492462
-61.0,62,623.697454
-60.0,61,624.069033
-61.0,62,624.269988
-61.0,62,624.46989
-61.0,62,624.674088
-61.0,62,624.88476
-61.0,62,625.091234
-61.0,62,625.297051
-60.0,61,625.496794
-62.0,63,625.706393
-61.0,62,626.077884
-61.0,62,626.283225
-61.0,62,626.486803
-61.0,62,626.696074
-61.0,62,626.896049
-63.0,64,627.107664
-61.0,62,627.313334
-60.0,61,627.514328
-61.0,62,627.915543
-61.0,62,628.132637
-61.0,62,628.334738
-93.0,94,628.651137
-61.0,62,628.852461
-61.0,62,629.057932
-62.0,63,629.265866
-61.0,62,629.466836
-61.0,62,629.839661
-61.0,62,630.042906
-60.0,61,630.244654
-60.0,61,630.446781
-62.0,63,630.657591
-61.0,62,630.861348
-60.0,61,631.065494
-61.0,62,631.270323
-61.0,62,631.643012
-60.0,61,631.843155
-62.0,63,632.053829
-60.0,61,632.250118
-62.0,63,632.46166
-61.0,62,632.667577
-61.0,62,632.872441
-61.0,62,633.078919
-62.0,63,633.452568
-62.0,63,633.660655
-61.0,62,633.86437
-61.0,62,634.073553
-61.0,62,634.280446
-61.0,62,634.486163
-61.0,62,634.690819
-62.0,63,634.897031
-61.0,62,635.272151
-61.0,62,635.835955
-61.0,62,636.502026
-62.0,63,636.916159
-60.0,61,637.117197
-62.0,63,637.32513
-61.0,62,637.528482
-62.0,63,637.740246
-62.0,63,637.950398
-61.0,62,638.338998
-60.0,61,638.537481
-131.0,132,639.040978
-62.0,63,639.260027
-61.0,62,639.462948
-62.0,63,639.675572
-62.0,63,639.885479
-60.0,61,640.266415
-61.0,62,640.467709
-62.0,63,640.679966
-60.0,61,640.878495
-61.0,62,641.085141
-61.0,62,641.288949
-61.0,62,641.496361
-61.0,62,641.702833
-61.0,62,642.076984
-61.0,62,642.283771
-61.0,62,642.487278
-63.0,64,642.699306
-61.0,62,642.902131
-61.0,62,643.103534
-61.0,62,643.307045
-61.0,62,643.512251
-61.0,62,643.885398
-61.0,62,644.089645
-61.0,62,644.28999
-61.0,62,644.494858
-61.0,62,644.703673
-61.0,62,644.911919
-61.0,62,645.118381
-61.0,62,645.321749
-61.0,62,645.697642
-61.0,62,645.900642
-61.0,62,646.105581
-61.0,62,646.316354
-61.0,62,646.517983
-61.0,62,646.727269
-62.0,63,646.932305
-70.0,71,647.167209
-61.0,62,647.370196
-61.0,62,647.740667
-61.0,62,647.945139
-61.0,62,648.151108
-61.0,62,648.354374
-61.0,62,648.555879
-60.0,61,648.757226
-61.0,62,648.961517
-61.0,62,649.16636
-62.0,63,649.545178
-61.0,62,649.768767
-61.0,62,650.00798
-60.0,61,650.235744
-61.0,62,650.444466
-61.0,62,650.657885
-61.0,62,650.858615
-61.0,62,651.06441
-60.0,61,651.430766
-60.0,61,651.631485
-60.0,61,651.827387
-61.0,62,652.027175
-61.0,62,652.23113
-61.0,62,652.434252
-61.0,62,652.642314
-61.0,62,652.847005
-61.0,62,653.221604
-61.0,62,653.426289
-61.0,62,653.632541
-61.0,62,653.836108
-61.0,62,654.041377
-61.0,62,654.246746
-62.0,63,654.456218
-61.0,62,654.671068
-60.0,61,654.872072
-61.0,62,655.24428
-62.0,63,655.453492
-62.0,63,655.660271
-61.0,62,655.864709
-61.0,62,656.069575
-60.0,61,656.265881
-62.0,63,656.47805
-60.0,61,656.679538
-62.0,63,657.052678
-61.0,62,657.255341
-61.0,62,657.464628
-61.0,62,657.669915
-61.0,62,657.871867
-61.0,62,658.077925
-60.0,61,658.275795
-62.0,63,658.482497
-61.0,62,658.854483
-61.0,62,659.061334
-61.0,62,659.267088
-61.0,62,659.472244
-61.0,62,659.676779
-62.0,63,659.885498
-61.0,62,660.091477
-61.0,62,660.298272
-61.0,62,660.683345
-61.0,62,660.919781
-61.0,62,661.157627
-60.0,61,661.35829
-61.0,62,661.562159
-61.0,62,661.767992
-61.0,62,661.971029
-61.0,62,662.172746
-60.0,61,662.37162
-61.0,62,662.74104
-61.0,62,662.950434
-61.0,62,663.155154
-61.0,62,663.363383
-61.0,62,663.570314
-61.0,62,663.77939
-61.0,62,663.981202
-62.0,63,664.196088
-61.0,62,664.570649
-61.0,62,664.781159
-60.0,61,664.979458
-60.0,61,665.177179
-61.0,62,665.379494
-61.0,62,665.583496
-61.0,62,665.787648
-61.0,62,665.993428
-61.0,62,666.36823
-61.0,62,666.570281
-61.0,62,666.77676
-61.0,62,666.981882
-61.0,62,667.186259
-61.0,62,667.390294
-61.0,62,667.593499
-62.0,63,667.803269
-61.0,62,668.174281
-61.0,62,668.379884
-61.0,62,668.580534
-61.0,62,668.783847
-61.0,62,668.989744
-61.0,62,669.192665
-61.0,62,669.396374
-61.0,62,669.59838
-61.0,62,669.798787
-63.0,64,670.176367
-60.0,61,670.376506
-61.0,62,670.584305
-61.0,62,670.796436
-61.0,62,671.007122
-61.0,62,671.211344
-61.0,62,671.417994
-61.0,62,671.623323
-61.0,62,672.04132
-61.0,62,672.249018
-61.0,62,672.453876
-61.0,62,672.714548
-61.0,62,673.512569
-62.0,63,674.118254
-61.0,62,674.666488
-61.0,62,674.87663
-61.0,62,675.24555
-61.0,62,675.445654
-61.0,62,675.652803
-61.0,62,675.854399
-61.0,62,676.058607
-62.0,63,676.266519
-61.0,62,676.475481
-62.0,63,676.683647
-61.0,62,677.054219
-62.0,63,677.262673
-61.0,62,677.464273
-60.0,61,677.666783
-61.0,62,677.873007
-61.0,62,678.077021
-61.0,62,678.278541
-61.0,62,678.483745
-61.0,62,678.689901
-61.0,62,679.062042
-61.0,62,679.270046
-61.0,62,679.477368
-61.0,62,679.686015
-84.0,85,679.969172
-61.0,62,680.176985
-60.0,61,680.38002
-61.0,62,680.583635
-62.0,63,680.962426
-60.0,61,681.168372
-61.0,62,681.374418
-61.0,62,681.582195
-61.0,62,681.786395
-61.0,62,681.987592
-61.0,62,682.190801
-62.0,63,682.396357
-61.0,62,682.793076
-61.0,62,683.050819
-60.0,61,683.259485
-61.0,62,683.459973
-61.0,62,683.670039
-61.0,62,683.873225
-61.0,62,684.075732
-62.0,63,684.281556
-60.0,61,684.656329
-61.0,62,684.864152
-62.0,63,685.073965
-61.0,62,685.279667
-60.0,61,685.485034
-61.0,62,685.692757
-61.0,62,685.898351
-60.0,61,686.099383
-60.0,61,686.482353
-63.0,64,686.699312
-62.0,63,686.914163
-88.0,89,687.208993
-61.0,62,687.41523
-61.0,62,687.622883
-62.0,63,687.828778
-60.0,61,688.025374
-61.0,62,688.397358
-63.0,64,688.605155
-61.0,62,688.809516
-62.0,63,689.018236
-61.0,62,689.222479
-62.0,63,689.427931
-61.0,62,689.640115
-61.0,62,689.846803
-61.0,62,690.215748
-62.0,63,690.422076
-61.0,62,690.625386
-61.0,62,690.828743
-61.0,62,691.033794
-60.0,61,691.239556
-61.0,62,691.444423
-61.0,62,691.650223
-61.0,62,691.851377
-61.0,62,692.218166
-61.0,62,692.419233
-61.0,62,692.631822
-60.0,61,692.82655
-62.0,63,693.030375
-61.0,62,693.236995
-61.0,62,693.438342
-60.0,61,693.643039
-61.0,62,694.056715
-61.0,62,694.269963
-62.0,63,694.475181
-61.0,62,694.685548
-60.0,61,694.884774
-61.0,62,695.091376
-61.0,62,695.297324
-61.0,62,695.502977
-61.0,62,695.87759
-61.0,62,696.079532
-60.0,61,696.276159
-61.0,62,696.484086
-62.0,63,696.691436
-61.0,62,696.895855
-60.0,61,697.100446
-61.0,62,697.303342
-60.0,61,697.670175
-61.0,62,697.87345
-61.0,62,698.076748
-60.0,61,698.278613
-62.0,63,698.489708
-62.0,63,698.704444
-61.0,62,698.911552
-63.0,64,699.125195
-61.0,62,699.334567
-61.0,62,699.71019
-60.0,61,699.910172
-61.0,62,700.114982
-61.0,62,700.319253
-61.0,62,700.526517
-61.0,62,700.74667
-61.0,62,700.95369
-60.0,61,701.155516
-60.0,61,701.521611
-63.0,64,701.7374
-63.0,64,701.948574
-61.0,62,702.154907
-61.0,62,702.359988
-60.0,61,702.560858
-61.0,62,702.765644
-61.0,62,702.971462
-62.0,63,703.348984
-63.0,64,703.563549
-84.0,85,703.846395
-61.0,62,704.052503
-61.0,62,704.249397
-61.0,62,704.456202
-61.0,62,704.671252
-59.0,60,704.920343
-61.0,62,705.367678
-61.0,62,705.654201
-61.0,62,705.932718
-61.0,62,706.215986
-61.0,62,706.503125
-61.0,62,706.788453
-60.0,61,707.072113
-62.0,63,707.353998
-61.0,62,707.838797
-61.0,62,708.042869
-60.0,61,708.239871
-61.0,62,708.445161
-61.0,62,708.655402
-63.0,64,708.865604
-61.0,62,709.064953
-61.0,62,709.261112
-61.0,62,709.465433
-63.0,64,709.849015
-62.0,63,710.057368
-61.0,62,710.261524
-61.0,62,710.467201
-60.0,61,710.676506
-61.0,62,710.882075
-61.0,62,711.088973
-60.0,61,711.289946
-61.0,62,711.663742
-61.0,62,711.869048
-69.0,70,712.099602
-60.0,61,712.299009
-61.0,62,712.506504
-61.0,62,712.71391
-60.0,61,712.914176
-60.0,61,713.114933
-61.0,62,713.488743
-60.0,61,713.695405
-61.0,62,713.897969
-61.0,62,714.104082
-61.0,62,714.311174
-61.0,62,714.515768
-61.0,62,714.730516
-61.0,62,714.933339
-61.0,62,715.304155
-61.0,62,715.508734
-61.0,62,715.731456
-60.0,61,715.959577
-65.0,66,716.210413
-61.0,62,716.416413
-61.0,62,716.621497
-61.0,62,716.82434
-61.0,62,717.198899
-60.0,61,717.400854
-61.0,62,717.606165
-61.0,62,717.818911
-61.0,62,718.022739
-61.0,62,718.227904
-60.0,61,718.434081
-61.0,62,718.644924
-61.0,62,718.849148
-61.0,62,719.22348
-61.0,62,719.431003
-62.0,63,719.640612
-60.0,61,719.838227
-60.0,61,720.044624
-62.0,63,720.256667
-61.0,62,720.459497
-61.0,62,720.665139
-60.0,61,721.029463
-61.0,62,721.237892
-61.0,62,721.445996
-61.0,62,721.653569
-61.0,62,721.85956
-60.0,61,722.065387
-60.0,61,722.267989
-61.0,62,722.474468
-60.0,61,722.843472
-61.0,62,723.048618
-60.0,61,723.249921
-61.0,62,723.45445
-61.0,62,723.656629
-61.0,62,723.859939
-61.0,62,724.062821
-61.0,62,724.267047
-61.0,62,724.472739
-61.0,62,724.844822
-60.0,61,725.044735
-62.0,63,725.251188
-61.0,62,725.458791
-61.0,62,725.665006
-61.0,62,725.874449
-61.0,62,726.078074
-61.0,62,726.281481
-61.0,62,726.665232
-63.0,64,726.926282
-61.0,62,727.155398
-61.0,62,727.361058
-62.0,63,727.569425
-61.0,62,727.774823
-61.0,62,727.977842
-61.0,62,728.18061
-62.0,63,728.559906
-61.0,62,728.768381
-60.0,61,728.976064
-62.0,63,729.182744
-60.0,61,729.3819
-61.0,62,729.5865
-61.0,62,729.799011
-61.0,62,729.998857
-61.0,62,730.369414
-60.0,61,730.567856
-61.0,62,730.780318
-61.0,62,730.98639
-60.0,61,731.187882
-61.0,62,731.392421
-61.0,62,731.597202
-61.0,62,731.801827
-60.0,61,732.002513
-60.0,61,732.382005
-61.0,62,732.59115
-60.0,61,732.799153
-61.0,62,733.000792
-61.0,62,733.2036
-60.0,61,733.40349
-60.0,61,733.604963
-61.0,62,733.80562
-61.0,62,734.179983
-60.0,61,734.383565
-62.0,63,734.5915
-61.0,62,734.795848
-61.0,62,734.999942
-61.0,62,735.20654
-62.0,63,735.417681
-62.0,63,735.626986
-61.0,62,735.997412
-62.0,63,736.203629
-61.0,62,736.408764
-61.0,62,736.612752
-61.0,62,736.824543
-63.0,64,737.035799
-61.0,62,737.238041
-61.0,62,737.442196
-62.0,63,737.824186
-60.0,61,738.066172
-60.0,61,738.282519
-61.0,62,738.484596
-61.0,62,738.691691
-61.0,62,738.894465
-61.0,62,739.101259
-62.0,63,739.30926
-61.0,62,739.51708
-60.0,61,739.89134
-62.0,63,740.10081
-61.0,62,740.300971
-61.0,62,740.50636
-61.0,62,740.716894
-61.0,62,740.923119
-61.0,62,741.130747
-61.0,62,741.334664
-62.0,63,741.712344
-61.0,62,741.916739
-61.0,62,742.119388
-61.0,62,742.323577
-61.0,62,742.533206
-61.0,62,742.736296
-61.0,62,742.940266
-61.0,62,743.146085
-60.0,61,743.513697
-61.0,62,743.717484
-61.0,62,743.925501
-61.0,62,744.128624
-61.0,62,744.331653
-61.0,62,744.534469
-62.0,63,744.746147
-62.0,63,744.953912
-60.0,61,745.322771
-61.0,62,745.526437
-61.0,62,745.733009
-61.0,62,745.937004
-60.0,61,746.14148
-61.0,62,746.347846
-62.0,63,746.552317
-60.0,61,746.757574
-61.0,62,746.962563
-61.0,62,747.329408
-60.0,61,747.527431
-61.0,62,747.73132
-63.0,64,747.947829
-61.0,62,748.153716
-61.0,62,748.360762
-61.0,62,748.565717
-60.0,61,748.789028
-61.0,62,749.187921
-61.0,62,749.392082
-60.0,61,749.593148
-61.0,62,749.799826
-61.0,62,750.001567
-61.0,62,750.205078
-61.0,62,750.411156
-61.0,62,750.619835
-62.0,63,750.991953
-60.0,61,751.195071
-61.0,62,751.400658
-60.0,61,751.598881
-61.0,62,751.811381
-60.0,61,752.010674
-61.0,62,752.217433
-61.0,62,752.419158
-61.0,62,752.793455
-61.0,62,752.999193
-60.0,61,753.205974
-61.0,62,753.41297
-61.0,62,753.618516
-61.0,62,753.817863
-61.0,62,754.022749
-61.0,62,754.222468
-61.0,62,754.430394
-61.0,62,754.802844
-61.0,62,755.008131
-61.0,62,755.213228
-61.0,62,755.41862
-61.0,62,755.625434
-61.0,62,755.827174
-61.0,62,756.028754
-61.0,62,756.228578
-89.0,90,756.694781
-61.0,62,756.898586
-60.0,61,757.09736
-61.0,62,757.300706
-60.0,61,757.50319
-62.0,63,757.723018
-62.0,63,757.932048
-61.0,62,758.135169
-60.0,61,758.504684
-62.0,63,758.719018
-60.0,61,758.921318
-61.0,62,759.127945
-61.0,62,759.331509
-61.0,62,759.532059
-61.0,62,759.750943
-60.0,61,759.976807
-61.0,62,760.371818
-61.0,62,760.575756
-61.0,62,760.784156
-61.0,62,760.989966
-63.0,64,761.199784
-61.0,62,761.408112
-61.0,62,761.615622
-60.0,61,761.821932
-86.0,87,762.274953
-76.0,77,762.531909
-60.0,61,762.731004
-62.0,63,762.937946
-61.0,62,763.141489
-62.0,63,763.349354
-63.0,64,763.560686
-61.0,62,763.765318
-61.0,62,764.142843
-61.0,62,764.345878
-60.0,61,764.548677
-60.0,61,764.753273
-61.0,62,764.955342
-60.0,61,765.158055
-61.0,62,765.361721
-60.0,61,765.562537
-60.0,61,765.930364
-61.0,62,766.133049
-61.0,62,766.34266
-60.0,61,766.550373
-61.0,62,766.758161
-61.0,62,766.965805
-61.0,62,767.171966
-62.0,63,767.380554
-61.0,62,767.582748
-60.0,61,767.952201
-61.0,62,768.156858
-61.0,62,768.361966
-61.0,62,768.562912
-62.0,63,768.769487
-62.0,63,768.974224
-62.0,63,769.185107
-61.0,62,769.387962
-61.0,62,769.794305
-61.0,62,770.041432
-60.0,61,770.253453
-61.0,62,770.458268
-61.0,62,770.663599
-60.0,61,770.864956
-61.0,62,771.070619
-60.0,61,771.272301
-61.0,62,771.649978
-61.0,62,771.85551
-60.0,61,772.053256
-61.0,62,772.254509
-61.0,62,772.457595
-62.0,63,772.662529
-61.0,62,772.862723
-61.0,62,773.06876
-60.0,61,773.442455
-62.0,63,773.645024
-61.0,62,773.845976
-61.0,62,774.0514
-61.0,62,774.263187
-62.0,63,774.467789
-60.0,61,774.6833
-61.0,62,774.888622
-60.0,61,775.089748
-60.0,61,775.459173
-61.0,62,775.66452
-61.0,62,775.870812
-59.0,60,776.069653
-60.0,61,776.266898
-62.0,63,776.475386
-61.0,62,776.680055
-61.0,62,776.890775
-61.0,62,777.264572
-60.0,61,777.466719
-60.0,61,777.668895
-62.0,63,777.877554
-60.0,61,778.077144
-60.0,61,778.279624
-61.0,62,778.483941
-60.0,61,778.68533
-60.0,61,779.053622
-60.0,61,779.256953
-60.0,61,779.462667
-60.0,61,779.664571
-60.0,61,779.871271
-60.0,61,780.075759
-61.0,62,780.277967
-61.0,62,780.482191
-61.0,62,780.709799
-62.0,63,781.109236
-61.0,62,781.313596
-61.0,62,781.521065
-61.0,62,781.728504
-62.0,63,781.933672
-61.0,62,782.138704
-60.0,61,782.338654
-61.0,62,782.54108
-61.0,62,782.914244
-60.0,61,783.11702
-63.0,64,783.325387
-63.0,64,783.536329
-61.0,62,783.742856
-61.0,62,783.951513
-62.0,63,784.162871
-61.0,62,784.365414
-61.0,62,784.7366
-61.0,62,784.939575
-61.0,62,785.14313
-62.0,63,785.349551
-60.0,61,785.552049
-60.0,61,785.747829
-61.0,62,785.951651
-60.0,61,786.15551
-60.0,61,786.52673
-61.0,62,786.733811
-61.0,62,786.936784
-60.0,61,787.136398
-61.0,62,787.341067
-61.0,62,787.54576
-61.0,62,787.749778
-59.0,60,787.947224
-61.0,62,788.151232
-61.0,62,788.530513
-61.0,62,788.739689
-60.0,61,788.940025
-61.0,62,789.145245
-61.0,62,789.350714
-61.0,62,789.558062
-60.0,61,789.761537
-61.0,62,789.967925
-60.0,61,790.332684
-61.0,62,790.536773
-61.0,62,790.750752
-62.0,63,790.961163
-60.0,61,791.163434
-63.0,64,791.373541
-60.0,61,791.572786
-61.0,62,791.815012
-60.0,61,792.247176
-61.0,62,792.487071
-61.0,62,792.727619
-61.0,62,792.966526
-61.0,62,793.204429
-61.0,62,793.4415
-60.0,61,793.683477
-61.0,62,793.917001
-61.0,62,794.331277
-60.0,61,794.53302
-61.0,62,794.736068
-60.0,61,794.933379
-60.0,61,795.13017
-60.0,61,795.327724
-61.0,62,795.526384
-60.0,61,795.727972
-61.0,62,795.931567
-60.0,61,796.299083
-61.0,62,796.50397
-61.0,62,796.706932
-61.0,62,796.910267
-61.0,62,797.113177
-60.0,61,797.313576
-128.0,129,797.742165
-61.0,62,798.112079
-61.0,62,798.319325
-61.0,62,798.523383
-61.0,62,798.73581
-61.0,62,798.941183
-60.0,61,799.143028
-62.0,63,799.354276
-61.0,62,799.560963
-61.0,62,799.931373
-61.0,62,800.136744
-61.0,62,800.33678
-86.0,87,800.623123
-62.0,63,800.829115
-60.0,61,801.032246
-61.0,62,801.236151
-61.0,62,801.443775
-61.0,62,801.819351
-60.0,61,802.021879
-61.0,62,802.2244
-61.0,62,802.427695
-61.0,62,802.639621
-61.0,62,802.893683
-61.0,62,803.122363
-60.0,61,803.321856
-60.0,61,803.686496
-61.0,62,803.887196
-61.0,62,804.095515
-61.0,62,804.298002
-60.0,61,804.498083
-61.0,62,804.704152
-61.0,62,804.905893
-61.0,62,805.110669
-60.0,61,805.313556
-60.0,61,805.683072
-61.0,62,805.882297
-61.0,62,806.083773
-61.0,62,806.290559
-62.0,63,806.499053
-61.0,62,806.705474
-60.0,61,806.909427
-61.0,62,807.112896
-60.0,61,807.480196
-61.0,62,807.684266
-61.0,62,807.888222
-61.0,62,808.09325
-60.0,61,808.293139
-61.0,62,808.497603
-60.0,61,808.705689
-61.0,62,808.91345
-62.0,63,809.288531
-60.0,61,809.490011
-61.0,62,809.702082
-60.0,61,809.901637
-61.0,62,810.105757
-60.0,61,810.303184
-61.0,62,810.506208
-61.0,62,810.709848
-60.0,61,810.910343
-60.0,61,811.277034
-60.0,61,811.478546
-61.0,62,811.684423
-60.0,61,811.884521
-61.0,62,812.089649
-61.0,62,812.292912
-61.0,62,812.498115
-60.0,61,812.701064
-60.0,61,813.069989
-61.0,62,813.272069
-62.0,63,813.479157
-61.0,62,813.704423
-61.0,62,813.95561
-61.0,62,814.175292
-61.0,62,814.378217
-61.0,62,814.583867
-60.0,61,814.954208
-60.0,61,815.15387
-90.0,91,815.448176
-61.0,62,815.660953
-61.0,62,815.868478
-61.0,62,816.07089
-61.0,62,816.274901
-61.0,62,816.480268
-63.0,64,816.862532
-61.0,62,817.072609
-61.0,62,817.280257
-60.0,61,817.484235
-61.0,62,817.689193
-61.0,62,817.893408
-61.0,62,818.098205
-61.0,62,818.304384
-60.0,61,818.674994
-61.0,62,818.880483
-60.0,61,819.08399
-62.0,63,819.293022
-61.0,62,819.498808
-61.0,62,819.712707
-61.0,62,819.916983
-60.0,61,820.12166
-61.0,62,820.323265
-60.0,61,820.705205
-61.0,62,820.913373
-61.0,62,821.139598
-76.0,77,821.40191
-60.0,61,821.605781
-61.0,62,821.813392
-60.0,61,822.011195
-61.0,62,822.217127
-61.0,62,822.602195
-61.0,62,822.80821
-60.0,61,823.013905
-61.0,62,823.222216
-61.0,62,823.431813
-60.0,61,823.642228
-60.0,61,823.845509
-61.0,62,824.055699
-86.0,87,824.513024
-61.0,62,824.752351
-61.0,62,824.985693
-60.0,61,825.2071
-61.0,62,825.409276
-61.0,62,825.622924
-61.0,62,825.828229
-60.0,61,826.028564
-61.0,62,826.405174
-99.0,100,826.735848
-60.0,61,826.937757
-60.0,61,827.135402
-61.0,62,827.339103
-60.0,61,827.54298
-60.0,61,827.749155
-61.0,62,828.120705
-61.0,62,828.318629
-61.0,62,828.521755
-61.0,62,828.729678
-61.0,62,828.932624
-60.0,61,829.133088
-61.0,62,829.334597
-60.0,61,829.534271
-60.0,61,829.739394
-60.0,61,830.106371
-60.0,61,830.309146
-60.0,61,830.510349
-61.0,62,830.715193
-60.0,61,830.918916
-61.0,62,831.12316
-60.0,61,831.323534
-60.0,61,831.527824
-60.0,61,831.893859
-61.0,62,832.098044
-61.0,62,832.304265
-60.0,61,832.506435
-61.0,62,832.712929
-60.0,61,832.916762
-61.0,62,833.119611
-84.0,85,833.399425
-61.0,62,833.773316
-61.0,62,833.977578
-61.0,62,834.183553
-61.0,62,834.384619
-61.0,62,834.594518
-61.0,62,834.810981
-60.0,61,835.014034
-61.0,62,835.225224
-60.0,61,835.596078
-61.0,62,835.858971
-61.0,62,836.089566
-60.0,61,836.290178
-61.0,62,836.495664
-61.0,62,836.702173
-60.0,61,836.90484
-60.0,61,837.104873
-61.0,62,837.308366
-62.0,63,837.687673
-60.0,61,837.886808
-60.0,61,838.090249
-61.0,62,838.297559
-61.0,62,838.503125
-63.0,64,838.721191
-61.0,62,838.925641
-60.0,61,839.124826
-63.0,64,839.502981
-61.0,62,839.708051
-62.0,63,839.912705
-60.0,61,840.117879
-61.0,62,840.324675
-60.0,61,840.526752
-61.0,62,840.726512
-61.0,62,840.933282
-61.0,62,841.302589
-60.0,61,841.498495
-61.0,62,841.701378
-61.0,62,841.910922
-61.0,62,842.114828
-61.0,62,842.318456
-61.0,62,842.521252
-62.0,63,842.730094
-61.0,62,843.105558
-60.0,61,843.307199
-61.0,62,843.514469
-62.0,63,843.731139
-61.0,62,843.930658
-61.0,62,844.138327
-61.0,62,844.340234
-61.0,62,844.545182
-61.0,62,844.753005
-60.0,61,845.121035
-61.0,62,845.326774
-60.0,61,845.528484
-60.0,61,845.732409
-60.0,61,845.932786
-62.0,63,846.140096
-62.0,63,846.348418
-61.0,62,846.548961
-63.0,64,846.984822
-60.0,61,847.18459
-61.0,62,847.387873
-61.0,62,847.591855
-61.0,62,847.79528
-61.0,62,847.999246
-60.0,61,848.19959
-61.0,62,848.408365
-61.0,62,848.782851
-61.0,62,848.985731
-61.0,62,849.188182
-61.0,62,849.390773
-60.0,61,849.590675
-61.0,62,849.800712
-61.0,62,850.005946
-60.0,61,850.206363
-60.0,61,850.403214
-60.0,61,850.774164
-62.0,63,850.990634
-61.0,62,851.198099
-61.0,62,851.397017
-60.0,61,851.598647
-61.0,62,851.81163
-61.0,62,852.020315
-61.0,62,852.224971
-60.0,61,852.590854
-61.0,62,852.798687
-61.0,62,853.001389
-60.0,61,853.206567
-61.0,62,853.415339
-61.0,62,853.626401
-61.0,62,853.835338
-63.0,64,854.047247
-60.0,61,854.414748
-62.0,63,854.629131
-61.0,62,854.831083
-61.0,62,855.039965
-61.0,62,855.244512
-60.0,61,855.44562
-60.0,61,855.647287
-62.0,63,855.857313
-61.0,62,856.229733
-61.0,62,856.43276
-61.0,62,856.63997
-61.0,62,856.845252
-61.0,62,857.051445
-62.0,63,857.256961
-60.0,61,857.459945
-60.0,61,857.673852
-61.0,62,857.936453
-61.0,62,858.447055
-60.0,61,858.767896
-60.0,61,859.082178
-60.0,61,859.393887
-61.0,62,859.71174
-60.0,61,860.026696
-61.0,62,860.342523
-60.0,61,860.6625
-60.0,61,861.161739
-61.0,62,861.367311
-60.0,61,861.570661
-61.0,62,861.780712
-117.0,118,862.171079
-60.0,61,862.372036
-60.0,61,862.576997
-61.0,62,862.956544
-63.0,64,863.168467
-61.0,62,863.377073
-61.0,62,863.582473
-60.0,61,863.784637
-61.0,62,863.990753
-60.0,61,864.192832
-60.0,61,864.394413
-60.0,61,864.59768
-61.0,62,864.970686
-61.0,62,865.177175
-61.0,62,865.386517
-61.0,62,865.597814
-61.0,62,865.815686
-62.0,63,866.025509
-61.0,62,866.231122
-60.0,61,866.431084
-61.0,62,866.804129
-61.0,62,867.010288
-61.0,62,867.217689
-61.0,62,867.430391
-60.0,61,867.634947
-61.0,62,867.840548
-61.0,62,868.039948
-62.0,63,868.248757
-61.0,62,868.621515
-62.0,63,868.881076
-61.0,62,869.11973
-60.0,61,869.320008
-61.0,62,869.525716
-61.0,62,869.729321
-110.0,111,870.087721
-60.0,61,870.286366
-61.0,62,870.662205
-60.0,61,870.867286
-61.0,62,871.070417
-60.0,61,871.269828
-61.0,62,871.479754
-61.0,62,871.67958
-99.0,100,872.010247
-60.0,61,872.377386
-61.0,62,872.581371
-60.0,61,872.785079
-61.0,62,872.992627
-61.0,62,873.197765
-61.0,62,873.404517
-60.0,61,873.606179
-61.0,62,873.811138
-59.0,60,874.009943
-61.0,62,874.385612
-61.0,62,874.589328
-61.0,62,874.797179
-61.0,62,874.999211
-62.0,63,875.206108
-60.0,61,875.40926
-61.0,62,875.612174
-60.0,61,875.813386
-61.0,62,876.183172
-61.0,62,876.382145
-60.0,61,876.57918
-60.0,61,876.778627
-61.0,62,876.983607
-60.0,61,877.186009
-60.0,61,877.387814
-60.0,61,877.585918
-60.0,61,877.957336
-62.0,63,878.161332
-84.0,85,878.439236
-63.0,64,878.651006
-60.0,61,878.847869
-61.0,62,879.049554
-61.0,62,879.250653
-61.0,62,879.455887
-61.0,62,879.849494
-61.0,62,880.074671
-60.0,61,880.287937
-60.0,61,880.492826
-60.0,61,880.697408
-61.0,62,880.902512
-61.0,62,881.107857
-60.0,61,881.307492
-61.0,62,881.515823
-60.0,61,881.901028
-61.0,62,882.106941
-61.0,62,882.313522
-61.0,62,882.521233
-62.0,63,882.729742
-60.0,61,882.929918
-61.0,62,883.13505
-60.0,61,883.340074
-61.0,62,883.717496
-60.0,61,883.924183
-61.0,62,884.132587
-60.0,61,884.333455
-61.0,62,884.538785
-62.0,63,884.749608
-60.0,61,884.949845
-60.0,61,885.150383
-62.0,63,885.525709
-60.0,61,885.73379
-61.0,62,885.939482
-60.0,61,886.193659
-61.0,62,886.426875
-60.0,61,886.638908
-60.0,61,886.843251
-61.0,62,887.052134
-61.0,62,887.425078
-60.0,61,887.628714
-60.0,61,887.838495
-61.0,62,888.044317
-61.0,62,888.247045
-61.0,62,888.449663
-60.0,61,888.654655
-61.0,62,888.867771
-61.0,62,889.082412
-60.0,61,889.472026
-60.0,61,889.687902
-60.0,61,889.90562
-61.0,62,890.123681
-60.0,61,890.346105
-61.0,62,890.564111
-61.0,62,890.820143
-60.0,61,891.061245
-61.0,62,891.450897
-63.0,64,891.678083
-61.0,62,891.891884
-60.0,61,892.110749
-60.0,61,892.326114
-60.0,61,892.542241
-60.0,61,892.787221
-61.0,62,893.004021
-60.0,61,893.392643
-60.0,61,893.596759
-61.0,62,893.803237
-60.0,61,894.006223
-61.0,62,894.206066
-61.0,62,894.411849
-60.0,61,894.628369
-60.0,61,894.828943
-87.0,88,895.2859
-61.0,62,895.48907
-61.0,62,895.695188
-61.0,62,895.896952
-61.0,62,896.101345
-61.0,62,896.304997
-60.0,61,896.504866
-61.0,62,896.711715
-61.0,62,896.912951
-61.0,62,897.284716
-60.0,61,897.487902
-60.0,61,897.690562
-61.0,62,897.895928
-61.0,62,898.096504
-60.0,61,898.294001
-61.0,62,898.495874
-61.0,62,898.702481
-61.0,62,899.072245
-60.0,61,899.270499
-62.0,63,899.486275
-60.0,61,899.688835
-60.0,61,899.892994
-60.0,61,900.093888
-61.0,62,900.298349
-60.0,61,900.501138
-62.0,63,900.884901
-63.0,64,901.101053
-61.0,62,901.305873
-60.0,61,901.507894
-61.0,62,901.736632
-60.0,61,901.997089
-60.0,61,902.205581
-61.0,62,902.412013
-61.0,62,902.788516
-61.0,62,902.992343
-61.0,62,903.197462
-60.0,61,903.400682
-60.0,61,903.603997
-61.0,62,903.811917
-61.0,62,904.020863
-61.0,62,904.225477
-61.0,62,904.429967
-60.0,61,904.807611
-61.0,62,905.015898
-60.0,61,905.21684
-60.0,61,905.423568
-60.0,61,905.625087
-61.0,62,905.833116
-60.0,61,906.033254
-61.0,62,906.239126
-60.0,61,906.604596
-62.0,63,906.814117
-92.0,93,907.123914
-76.0,77,907.374219
-61.0,62,907.588975
-61.0,62,907.812772
-60.0,61,908.024185
-60.0,61,908.236468
-61.0,62,908.63078
-60.0,61,908.849258
-60.0,61,909.063937
-62.0,63,909.279018
-61.0,62,909.498078
-60.0,61,909.714817
-61.0,62,909.935709
-60.0,61,910.138643
-60.0,61,910.507125
-60.0,61,910.708657
-60.0,61,910.922934
-61.0,62,911.138717
-61.0,62,911.348318
-61.0,62,911.559504
-60.0,61,911.769305
-60.0,61,911.986325
-60.0,61,912.383614
-60.0,61,912.60807
-62.0,63,912.896072
-61.0,62,913.132516
-60.0,61,913.342695
-61.0,62,913.558991
-60.0,61,913.775692
-60.0,61,913.993885
-61.0,62,914.21944
-61.0,62,914.610276
-60.0,61,914.830291
-60.0,61,915.040038
-60.0,61,915.245311
-60.0,61,915.446606
-60.0,61,915.647358
-60.0,61,915.848955
-61.0,62,916.054402
-61.0,62,916.430634
-60.0,61,916.633017
-60.0,61,916.839803
-61.0,62,917.044397
-61.0,62,917.262637
-60.0,61,917.467535
-61.0,62,917.683613
-61.0,62,917.891359
-60.0,61,918.266423
-60.0,61,918.468008
-61.0,62,918.676713
-61.0,62,918.879724
-60.0,61,919.086907
-61.0,62,919.290923
-61.0,62,919.494172
-61.0,62,919.697362
-61.0,62,919.906368
-61.0,62,920.276829
-61.0,62,920.491136
-60.0,61,920.691996
-60.0,61,920.899239
-61.0,62,921.108271
-60.0,61,921.308287
-60.0,61,921.504929
-60.0,61,921.707268
-61.0,62,922.07917
-61.0,62,922.284901
-61.0,62,922.494842
-61.0,62,922.703624
-61.0,62,922.91267
-61.0,62,923.116881
-60.0,61,923.319013
-60.0,61,923.518851
-61.0,62,923.893563
-61.0,62,924.097882
-60.0,61,924.306995
-62.0,63,924.523099
-61.0,62,924.752657
-61.0,62,924.992705
-60.0,61,925.189521
-61.0,62,925.390943
-60.0,61,925.763847
-61.0,62,925.963868
-61.0,62,926.171841
-62.0,63,926.376414
-61.0,62,926.578151
-60.0,61,926.782626
-60.0,61,926.980025
-61.0,62,927.220635
-61.0,62,927.426905
-60.0,61,927.796245
-61.0,62,928.002334
-60.0,61,928.20535
-61.0,62,928.410802
-62.0,63,928.627446
-60.0,61,928.824802
-60.0,61,929.028361
-61.0,62,929.237787
-61.0,62,929.623959
-62.0,63,929.848734
-61.0,62,930.071027
-61.0,62,930.293557
-61.0,62,930.51383
-61.0,62,930.731823
-61.0,62,930.952978
-61.0,62,931.169602
-60.0,61,931.56445
-61.0,62,931.793762
-60.0,61,932.003974
-60.0,61,932.207405
-61.0,62,932.414755
-60.0,61,932.619346
-60.0,61,932.821334
-61.0,62,933.028312
-60.0,61,933.229907
-60.0,61,933.602075
-60.0,61,933.807875
-61.0,62,934.032429
-60.0,61,934.238027
-60.0,61,934.446863
-61.0,62,934.691588
-61.0,62,934.970325
-124.0,125,935.659984
-60.0,61,935.869548
-60.0,61,936.080758
-61.0,62,936.288643
-65.0,66,936.504758
-61.0,62,936.717047
-61.0,62,936.924904
-61.0,62,937.134942
-60.0,61,937.594049
-61.0,62,937.838666
-60.0,61,938.082963
-61.0,62,938.311998
-60.0,61,938.53156
-61.0,62,938.740695
-61.0,62,938.9419
-61.0,62,939.144545
-61.0,62,939.517712
-60.0,61,939.71976
-60.0,61,939.922257
-60.0,61,940.120612
-61.0,62,940.3233
-60.0,61,940.526352
-61.0,62,940.736758
-60.0,61,940.940845
-62.0,63,941.150137
-61.0,62,941.527123
-60.0,61,941.761366
-60.0,61,941.964564
-60.0,61,942.169005
-61.0,62,942.379404
-61.0,62,942.58434
-61.0,62,942.806845
-60.0,61,943.012008
-61.0,62,943.391073
-61.0,62,943.602774
-60.0,61,943.812744
-61.0,62,944.019277
-60.0,61,944.221175
-60.0,61,944.423094
-61.0,62,944.662888
-62.0,63,944.887196
-60.0,61,945.315669
-60.0,61,945.551628
-61.0,62,945.803812
-60.0,61,946.073653
-60.0,61,946.345878
-60.0,61,946.570014
-60.0,61,946.80226
-60.0,61,947.039319
-60.0,61,947.274573
-60.0,61,947.690456
-61.0,62,947.904645
-61.0,62,948.115078
-61.0,62,948.330882
-61.0,62,948.55403
-61.0,62,948.791839
-61.0,62,949.008628
-61.0,62,949.227537
-61.0,62,949.624487
-60.0,61,949.827094
-60.0,61,950.034834
-60.0,61,950.255325
-60.0,61,950.461297
-61.0,62,950.694453
-61.0,62,950.907663
-60.0,61,951.109162
-60.0,61,951.480694
-81.0,82,951.758395
-62.0,63,951.970594
-60.0,61,952.16838
-60.0,61,952.370972
-61.0,62,952.583637
-61.0,62,952.787776
-61.0,62,952.990444
-60.0,61,953.365294
-60.0,61,953.572763
-60.0,61,953.792339
-60.0,61,954.077028
-60.0,61,954.304298
-60.0,61,954.547108
-61.0,62,954.806012
-61.0,62,955.054079
-61.0,62,955.308385
-61.0,62,955.771249
-61.0,62,956.012337
-61.0,62,956.257033
-60.0,61,956.506997
-60.0,61,956.726393
-60.0,61,956.930206
-60.0,61,957.156633
-61.0,62,957.378673
-61.0,62,957.828679
-60.0,61,958.08038
-61.0,62,958.320405
-60.0,61,958.574128
-60.0,61,958.790838
-61.0,62,959.064829
-84.0,85,959.420725
-61.0,62,959.686337
-61.0,62,960.146934
-61.0,62,960.417423
-60.0,61,960.690308
-61.0,62,960.984957
-60.0,61,961.270516
-61.0,62,961.510663
-61.0,62,961.767097
-60.0,61,962.047052
-60.0,61,962.459874
-61.0,62,962.682176
-60.0,61,962.889602
-61.0,62,963.096569
-61.0,62,963.305936
-60.0,61,963.502831
-60.0,61,963.711878
-60.0,61,963.972921
-61.0,62,964.187627
-62.0,63,964.578974
-61.0,62,964.784367
-62.0,63,964.997016
-60.0,61,965.19799
-60.0,61,965.402107
-60.0,61,965.614081
-61.0,62,965.825064
-60.0,61,966.029341
-62.0,63,966.406595
-60.0,61,966.608221
-61.0,62,966.834528
-60.0,61,967.091213
-61.0,62,967.305259
-60.0,61,967.50977
-61.0,62,967.718534
-62.0,63,967.928242
-60.0,61,968.307324
-60.0,61,968.515157
-61.0,62,968.722986
-60.0,61,968.924869
-61.0,62,969.136817
-61.0,62,969.344413
-61.0,62,969.547125
-61.0,62,969.758483
-60.0,61,970.004125
-60.0,61,970.409233
-60.0,61,970.642769
-61.0,62,970.875738
-61.0,62,971.114562
-60.0,61,971.362423
-61.0,62,971.614799
-62.0,63,971.883541
-60.0,61,972.11916
-60.0,61,972.529186
-61.0,62,972.762376
-61.0,62,973.009634
-61.0,62,973.247522
-61.0,62,973.49669
-60.0,61,973.739971
-61.0,62,973.983023
-60.0,61,974.21533
-60.0,61,974.634315
-60.0,61,974.87203
-60.0,61,975.145942
-61.0,62,975.431147
-60.0,61,975.688218
-61.0,62,975.929558
-61.0,62,976.175309
-60.0,61,976.481246
-61.0,62,977.007589
-60.0,61,977.330041
-61.0,62,977.665111
-60.0,61,978.004165
-61.0,62,978.370468
-60.0,61,978.704652
-60.0,61,978.964339
-60.0,61,979.185923
-61.0,62,979.398043
-60.0,61,979.786545
-60.0,61,980.020913
-61.0,62,980.243581
-60.0,61,980.454546
-63.0,64,980.679475
-61.0,62,980.898758
-61.0,62,981.133789
-61.0,62,981.350072
-62.0,63,981.74327
-60.0,61,981.960307
-61.0,62,982.174227
-60.0,61,982.388023
-61.0,62,982.604218
-60.0,61,982.809658
-60.0,61,983.022693
-61.0,62,983.250342
-60.0,61,983.66006
-60.0,61,983.877398
-60.0,61,984.103651
-60.0,61,984.321796
-61.0,62,984.539903
-60.0,61,984.759123
-60.0,61,984.966393
-60.0,61,985.176777
-61.0,62,985.391566
-61.0,62,985.847643
-60.0,61,986.086782
-61.0,62,986.304116
-61.0,62,986.534093
-60.0,61,986.754622
-61.0,62,986.965921
-61.0,62,987.174366
-60.0,61,987.414818
-61.0,62,987.878973
-60.0,61,988.162703
-61.0,62,988.392685
-60.0,61,988.630461
-61.0,62,988.878317
-61.0,62,989.14693
-60.0,61,989.431463
-60.0,61,989.704104
-59.0,60,990.143168
-60.0,61,990.371175
-60.0,61,990.598246
-60.0,61,990.814298
-60.0,61,991.029681
-60.0,61,991.239664
-61.0,62,991.492797
-61.0,62,991.721761
-87.0,88,992.193414
-60.0,61,992.394872
-60.0,61,992.627852
-61.0,62,992.83973
-61.0,62,993.065352
-60.0,61,993.276222
-60.0,61,993.483162
-62.0,63,993.696946
-60.0,61,993.91531
-60.0,61,994.299523
-60.0,61,994.498516
-61.0,62,994.72009
-61.0,62,994.939725
-61.0,62,995.149014
-62.0,63,995.356744
-60.0,61,995.561491
-60.0,61,995.785176
-61.0,62,996.18397
-62.0,63,996.398748
-60.0,61,996.607021
-60.0,61,996.806436
-60.0,61,997.006114
-60.0,61,997.208644
-61.0,62,997.425294
-60.0,61,997.637336
-76.0,77,998.12315
-61.0,62,998.35271
-60.0,61,998.560838
-60.0,61,998.76981
-142.0,143,999.261947
-60.0,61,999.467967
-60.0,61,999.677491
-61.0,62,1000.055116
-61.0,62,1000.272086
-61.0,62,1000.483256
-61.0,62,1000.684366
-60.0,61,1000.881168
-60.0,61,1001.081268
-61.0,62,1001.310339
-61.0,62,1001.533797
-60.0,61,1001.907872
-60.0,61,1002.113996
-60.0,61,1002.314479
-61.0,62,1002.520705
-61.0,62,1002.728862
-60.0,61,1002.927059
-60.0,61,1003.14228
-60.0,61,1003.345508
-62.0,63,1003.553189
-60.0,61,1003.931109
-61.0,62,1004.141481
-61.0,62,1004.342595
-60.0,61,1004.549207
-60.0,61,1004.752617
-60.0,61,1004.954606
-60.0,61,1005.153189
-61.0,62,1005.377348
-61.0,62,1005.776225
-61.0,62,1005.988156
-60.0,61,1006.201226
-61.0,62,1006.405084
-61.0,62,1006.640733
-61.0,62,1006.859571
-60.0,61,1007.077168
-60.0,61,1007.289224
-60.0,61,1007.679001
-63.0,64,1007.933099
-60.0,61,1008.189081
-61.0,62,1008.457702
-60.0,61,1008.678498
-61.0,62,1008.906908
-111.0,112,1009.338733
-60.0,61,1009.604855
-61.0,62,1010.000939
-60.0,61,1010.20681
-61.0,62,1010.425406
-60.0,61,1010.688122
-61.0,62,1010.919049
-60.0,61,1011.128849
-61.0,62,1011.345125
-60.0,61,1011.561481
-60.0,61,1011.942053
-60.0,61,1012.197915
-61.0,62,1012.43334
-61.0,62,1012.669483
-60.0,61,1012.915275
-61.0,62,1013.131527
-60.0,61,1013.35005
-60.0,61,1013.556651
-61.0,62,1013.99499
-60.0,61,1014.225248
-60.0,61,1014.428708
-60.0,61,1014.699833
-61.0,62,1014.93833
-60.0,61,1015.197855
-60.0,61,1015.422965
-60.0,61,1015.640411
-61.0,62,1015.855114
-61.0,62,1016.243674
-61.0,62,1016.473109
-61.0,62,1016.687385
-61.0,62,1016.921801
-60.0,61,1017.150141
-60.0,61,1017.391099
-62.0,63,1017.64478
-61.0,62,1017.874298
-60.0,61,1018.350842
-93.0,94,1018.792645
-61.0,62,1019.042613
-61.0,62,1019.292955
-60.0,61,1019.531086
-60.0,61,1019.786524
-60.0,61,1020.015971
-60.0,61,1020.266947
-60.0,61,1020.661489
-60.0,61,1020.886046
-62.0,63,1021.106729
-61.0,62,1021.33261
-61.0,62,1021.554343
-60.0,61,1021.769037
-61.0,62,1021.991136
-60.0,61,1022.202658
-60.0,61,1022.603184
-61.0,62,1022.834076
-61.0,62,1023.10048
-61.0,62,1023.387583
-61.0,62,1023.629726
-60.0,61,1023.849631
-60.0,61,1024.085012
-61.0,62,1024.307995
-60.0,61,1024.521102
-61.0,62,1024.920137
-62.0,63,1025.144778
-61.0,62,1025.352269
-60.0,61,1025.56658
-60.0,61,1025.774755
-60.0,61,1025.987099
-61.0,62,1026.194151
-60.0,61,1026.400526
-60.0,61,1026.830278
-61.0,62,1027.048784
-61.0,62,1027.290762
-61.0,62,1027.530982
-61.0,62,1027.794458
-61.0,62,1028.037948
-60.0,61,1028.276678
-60.0,61,1028.524222
-61.0,62,1028.958864
-62.0,63,1029.197184
-60.0,61,1029.439214
-62.0,63,1029.682629
-61.0,62,1029.915365
-61.0,62,1030.160296
-60.0,61,1030.396904
-62.0,63,1030.647007
-61.0,62,1031.138696
-61.0,62,1031.378954
-61.0,62,1031.609591
-60.0,61,1031.83861
-60.0,61,1032.100686
-62.0,63,1032.337204
-60.0,61,1032.573987
-60.0,61,1032.805207
-61.0,62,1033.033137
-60.0,61,1033.451164
-60.0,61,1033.662079
-60.0,61,1033.864996
-61.0,62,1034.072465
-60.0,61,1034.303558
-60.0,61,1034.540426
-61.0,62,1034.782923
-62.0,63,1035.009142
-60.0,61,1035.425053
-60.0,61,1035.644171
-60.0,61,1035.863146
-61.0,62,1036.086392
-60.0,61,1036.340526
-61.0,62,1036.595713
-61.0,62,1036.818678
-63.0,64,1037.041173
-60.0,61,1037.451883
-60.0,61,1037.669206
-61.0,62,1037.901859
-61.0,62,1038.132403
-61.0,62,1038.402722
-61.0,62,1038.655079
-61.0,62,1038.86888
-60.0,61,1039.090471
-60.0,61,1039.304094
-60.0,61,1039.698229
-61.0,62,1039.910468
-60.0,61,1040.129797
-61.0,62,1040.341704
-60.0,61,1040.544636
-61.0,62,1040.749851
-60.0,61,1040.948136
-61.0,62,1041.155497
-60.0,61,1041.526214
-60.0,61,1041.759644
-61.0,62,1041.979982
-60.0,61,1042.217227
-61.0,62,1042.420941
-61.0,62,1042.631757
-61.0,62,1042.840508
-60.0,61,1043.039973
-62.0,63,1043.420632
-60.0,61,1043.625857
-60.0,61,1043.82257
-61.0,62,1044.034168
-61.0,62,1044.238358
-60.0,61,1044.441628
-61.0,62,1044.648115
-60.0,61,1044.856447
-60.0,61,1045.099227
-60.0,61,1045.511217
-60.0,61,1045.756014
-60.0,61,1045.994762
-60.0,61,1046.217533
-61.0,62,1046.430644
-60.0,61,1046.657537
-60.0,61,1046.863101
-61.0,62,1047.070236
-61.0,62,1047.445675
-60.0,61,1047.653605
-60.0,61,1047.85755
-70.0,71,1048.097553
-61.0,62,1048.310785
-60.0,61,1048.532351
-60.0,61,1048.759134
-60.0,61,1048.966152
-61.0,62,1049.351519
-61.0,62,1049.558226
-60.0,61,1049.759987
-61.0,62,1049.969834
-60.0,61,1050.170662
-60.0,61,1050.372427
-60.0,61,1050.576099
-61.0,62,1050.779832
-61.0,62,1050.982269
-60.0,61,1051.365017
-61.0,62,1051.601609
-61.0,62,1051.820441
-60.0,61,1052.028193
-60.0,61,1052.241153
-61.0,62,1052.462645
-61.0,62,1052.681548
-60.0,61,1052.929186
-60.0,61,1053.328134
-61.0,62,1053.549672
-60.0,61,1053.763028
-60.0,61,1053.985668
-60.0,61,1054.197384
-61.0,62,1054.462678
-60.0,61,1054.671524
-60.0,61,1054.878015
-60.0,61,1055.251103
-61.0,62,1055.466958
-60.0,61,1055.671344
-61.0,62,1055.889992
-60.0,61,1056.098201
-60.0,61,1056.304349
-61.0,62,1056.521169
-60.0,61,1056.729663
-60.0,61,1056.938356
-62.0,63,1057.331372
-60.0,61,1057.539783
-60.0,61,1057.748374
-60.0,61,1057.952248
-60.0,61,1058.157676
-60.0,61,1058.363171
-60.0,61,1058.590584
-60.0,61,1058.808931
-61.0,62,1059.219294
-60.0,61,1059.421512
-60.0,61,1059.629291
-60.0,61,1059.866523
-60.0,61,1060.096678
-60.0,61,1060.331718
-61.0,62,1060.598838
-60.0,61,1060.86802
-60.0,61,1061.559417
-60.0,61,1061.844234
-61.0,62,1062.110242
-61.0,62,1062.363344
-61.0,62,1062.590307
-60.0,61,1062.804186
-62.0,63,1063.021366
-61.0,62,1063.24954
-60.0,61,1063.471549
-61.0,62,1063.920014
-60.0,61,1064.174354
-61.0,62,1064.399824
-61.0,62,1064.620759
-63.0,64,1064.843201
-61.0,62,1065.058133
-61.0,62,1065.290715
-61.0,62,1065.507835
-60.0,61,1065.894138
-60.0,61,1066.1251
-60.0,61,1066.339294
-60.0,61,1066.547674
-61.0,62,1066.763695
-60.0,61,1066.975484
-61.0,62,1067.190277
-60.0,61,1067.417964
-83.0,84,1067.893854
-61.0,62,1068.114871
-61.0,62,1068.330426
-60.0,61,1068.550279
-60.0,61,1068.786895
-61.0,62,1069.042804
-60.0,61,1069.253031
-61.0,62,1069.47103
-62.0,63,1069.858198
-60.0,61,1070.065732
-60.0,61,1070.271545
-60.0,61,1070.48376
-60.0,61,1070.699386
-59.0,60,1070.910804
-60.0,61,1071.120417
-60.0,61,1071.332471
-61.0,62,1071.723369
-62.0,63,1071.934892
-61.0,62,1072.13907
-61.0,62,1072.342179
-60.0,61,1072.546935
-63.0,64,1072.766487
-60.0,61,1072.96504
-62.0,63,1073.174197
-60.0,61,1073.383049
-61.0,62,1073.768451
-61.0,62,1073.972107
-63.0,64,1074.183744
-61.0,62,1074.386565
-61.0,62,1074.6043
-60.0,61,1074.88932
-60.0,61,1075.119737
-60.0,61,1075.376353
-60.0,61,1075.796761
-62.0,63,1076.013587
-60.0,61,1076.212862
-61.0,62,1076.42047
-60.0,61,1076.624836
-60.0,61,1076.8311
-60.0,61,1077.043067
-61.0,62,1077.262175
-60.0,61,1077.648719
-60.0,61,1077.874645
-60.0,61,1078.087978
-61.0,62,1078.297282
-60.0,61,1078.49952
-60.0,61,1078.717172
-66.0,67,1078.966701
-60.0,61,1079.172587
-60.0,61,1079.376706
-62.0,63,1079.772759
-61.0,62,1079.980874
-60.0,61,1080.186219
-60.0,61,1080.388342
-62.0,63,1080.595661
-60.0,61,1080.799179
-60.0,61,1081.001924
-61.0,62,1081.208806
-60.0,61,1081.591351
-60.0,61,1081.802978
-60.0,61,1082.02692
-60.0,61,1082.242209
-60.0,61,1082.447079
-60.0,61,1082.684639
-60.0,61,1082.88993
-60.0,61,1099.450795
-61.0,62,1099.840257
-61.0,62,1100.04469
-61.0,62,1100.249992
-61.0,62,1100.46989
-61.0,62,1100.689796
-61.0,62,1100.90567
